0.00855121744159255 0.0096242681174541
0.0155224346171183 0.0115443939577916
0.0174270465061728 0.0251754479909804
0.0164590942491556 0.0123161739327552
0.0275860580800163 0.0162755346437716
0.0369241820880824 0.0180628136106299
0.0347524835283553 0.0221738809097555
0.0212293224807827 0.0235951927426215
0.0217289452243866 0.0123289089198066
0.0331071625679056 0.0284102388903418
0.027926478978453 0.0158457644673131
0.0148669182838186 0.0128354389506062
0.0168039998394853 0.0143117107786794
0.0308687104900285 0.0193492255806886
0.0346160354911696 0.0186970859531646
0.0222899087573413 0.0146086112901091
0.0198542331566383 0.0109309188483115
0.0145904126026023 0.0164700034588265
0.0103891563367828 0.0136864031122045
0.00959036487351106 0.0157405642015665
0.0132891447240443 0.00767673071207263
0.0139237052008215 0.00901956921074245
0.0384151392742098 0.0134251616793347
0.0230572373097545 0.0132694914620938
0.0119000157565094 0.0170456142021233
0.0297369690266077 0.0163959591716336
0.0248028904067395 0.020348353518268
0.0110701921093173 0.0133410193299509
0.0436343973802636 0.0161156937014155
0.0164165195319579 0.0191751529040295
0.0317453020744121 0.0176987042068314
0.0238585316745044 0.0231657668924736
0.0178986438744595 0.0155110088971501
0.0300240751395652 0.0145906510800292
0.012771820561505 0.00889642550091331
0.0250638141103221 0.0194060664154146
0.0164465994388372 0.0118749568036549
0.0211551099203888 0.0188640935522259
0.0213206505486833 0.0151956746993029
0.0310993191656458 0.0221592664206399
0.0395063213983052 0.0251985778741457
0.0239847182008195 0.0121877963824824
0.0354667501243691 0.0120831612518524
0.0353593254438282 0.0209597890996801
0.0247197919051851 0.0203457787576387
0.0266309713626761 0.0129053054671999
0.0209768675715692 0.0161496150928977
0.0361278532230327 0.0108363039349625
0.0136192913714746 0.0152236639116086
0.0120371279316807 0.0119878187167746
0.0220558380516624 0.014864182064374
0.0433118282022348 0.0323697802191021
0.0111511759791325 0.0125142842560939
0.0145069827023146 0.0161473852794832
0.0425312073403158 0.0287660439692226
0.0157156444272333 0.0149041916037575
0.0232350319288107 0.016005185450123
0.0407579467175644 0.0220146696394265
0.0251909914816704 0.023868555172129
0.0170552512442718 0.0126507699299293
0.0269351172134303 0.0236196760832897
0.0376065760187276 0.0204366792965935
0.0255840691018879 0.010966913433208
0.0245973303566601 0.0154234457265668
0.0257312218173157 0.0182193021462395
0.0160252503159236 0.0160851119999954
0.0384164825808566 0.0228051531481816
0.0246525359662567 0.0139797221371343
0.0281917224860222 0.0212987851035668
0.0446484073457348 0.0215973106469575
0.0146838403638859 0.015403582976989
0.0139729966302782 0.0143461663793072
0.0293812398565535 0.0154442874080996
0.0146809660076076 0.00741428907609306
0.0121852727370148 0.0119247157049194
0.0303648713938953 0.0118510866361148
0.0179487227676259 0.0130733055961215
0.0298994039092389 0.0227931738814235
0.0523646214389839 0.0225139568988793
0.0266434857480609 0.0147078453732562
0.00957620420748538 0.0126295740886057
0.018501995121015 0.0174509046445716
0.0222423526043991 0.0122641955787837
0.0557736514604578 0.0229601683734629
0.0281788882631187 0.0144396684514842
0.015820098245063 0.0160434134097959
0.0261124944339719 0.0169761802087742
0.0207028816974431 0.0184809274383117
0.0153264513981252 0.00887048659837674
0.0273342178252335 0.0169255686441987
0.0270545694686811 0.0150858578078645
0.015090293621704 0.0132329345342359
0.0374054757865758 0.0259014367526314
0.017893276464606 0.0102840116946906
0.041409999794236 0.0193978887876318
0.0260432904043622 0.0167809913715024
0.0291762496740058 0.016095201274609
0.0211938657526702 0.0128765064794825
0.0187673690983325 0.0131700280592448
0.0193768897061995 0.0176786374375131
0.0190791228196803 0.013166545770739
0.0140220526961744 0.0162339994085148
0.0144860055578836 0.00838725402683056
0.0163731832468643 0.0100640072707109
0.0141443064743422 0.0126624750832076
0.0135267006603977 0.0252293248215526
0.0174840647554999 0.013980969409593
0.0166218550431224 0.0108114670137463
0.0212268694581297 0.0146297484585273
0.0146340616969137 0.0116972107931802
0.0151335629801708 0.0104616183310915
0.0438354431045512 0.013752157998394
0.0295013352822073 0.0140335432925754
0.0371430642094516 0.0190624582455816
0.029775566764552 0.0237776881595125
0.0218459608547401 0.0118284396276959
0.0267290213933373 0.0196370010818137
0.0194797326318748 0.0178872197246291
0.00786957367963684 0.0136754912301664
0.0228345102843602 0.0188982359214842
0.0504830706509027 0.0235990430901182
0.0214760280769557 0.0146148245537785
0.0265359401224335 0.0110501238370209
0.0128905274659517 0.0167245870326218
0.0232825881788885 0.0247605591681264
0.025046392659818 0.0149217997359505
0.0208695441390977 0.012957112563031
0.022225478750584 0.0202972947485534
0.0302087315662624 0.0174912867118996
0.0184075438081471 0.00773754910493093
0.0175651394527943 0.0116197040977935
0.0103491788393121 0.00993502181707552
0.0244990774084963 0.0110477084514175
0.0156795111407065 0.0116958496017446
0.0129175238920119 0.00927072846330117
0.0292285301851886 0.017940839509823
0.0189557863459204 0.0171783935957866
0.0144117207661777 0.0103490974085285
0.0138843992994244 0.0127672883914318
0.031811563653957 0.0208687102787046
0.0205576398198682 0.0199302433774858
0.0238283368837375 0.014849145587024
0.026698196364431 0.0149247746314924
0.0161246011962266 0.0128807791037396
0.026497682649072 0.0129192182359278
0.0236832566705878 0.0164339366489802
0.0203800605379599 0.0144527777951391
0.0201328304906759 0.0140557368885439
0.0110037029227127 0.0148176569519383
0.0142887333858714 0.0180874990065272
0.0163183448936055 0.0192256269886667
0.0138499441253308 0.0131944379135868
0.0234474359322691 0.0148342354541169
0.0267412756683858 0.0158585434869222
0.0245970729412367 0.0178875238626206
0.0243226762613033 0.0206408404353432
0.0235865499969818 0.0129699916320759
0.0247776305007217 0.018277172482986
0.0128561086598973 0.0128579653143298
0.039327009423151 0.0182243109172618
0.0375976422230496 0.0125971960610647
0.0183772835169078 0.0125643457476144
0.0200195200650796 0.0111671608912085
0.0309022252298626 0.00871055306932658
0.0208424787708367 0.0141907590506974
0.0196198458748938 0.0166346882333238
0.0179387698563827 0.0139809867709933
0.0131537468449541 0.0139462710695968
0.0157849483008659 0.0185213421115559
0.0316796699093252 0.0139309575789327
0.0269252928159111 0.0120565964686295
0.0231727499738933 0.0187862213951253
0.018548408581369 0.0145025312979836
0.0204488933607598 0.0239366485191688
0.00850345367740953 0.0102577493882079
0.0121979561378568 0.0102075758022545
0.0194818659653252 0.0154594541944882
0.0187514555642676 0.0137002090893771
0.0207789159707503 0.0187313316016285
0.0398375523343283 0.0229035896702518
0.0164103744933155 0.0146187685095228
0.0199670299361141 0.012248027662604
0.00892258081646092 0.0131905626143963
0.0130643164609058 0.0102861498003806
0.0118432870588466 0.0148288877750162
0.0298501889246927 0.0145182190254752
0.0561803590055571 0.0178243059642655
0.0146233431743249 0.0126835956909193
0.0129740996310244 0.0134192968690272
0.0285383136260076 0.017443447815259
0.0176200059033286 0.0129992760523961
0.0285397847820043 0.0178397437031218
0.0349696316014545 0.0197565746323656
0.0107635103966724 0.0179662093466554
0.025472284198 0.0150646383410972
0.0191793712963338 0.0163907007117925
0.0205217849154241 0.0179169487390727
0.0178870076287596 0.0126228446423915
0.00969627396795359 0.00970082277371537
0.013012943596176 0.0147064417887185
0.0122012470809525 0.0125906819790729
0.0111556337888195 0.0102067347505814
0.0136116127787479 0.0157073758554874
0.016274523945345 0.0126223066074165
0.0336887384550469 0.0184034114563848
0.0127636393707013 0.0151923908800596
0.0293892296064916 0.027974860379446
0.00990223403949925 0.0131885523521716
0.0361970192933463 0.0265750158167357
0.0127419151821858 0.015730250790178
0.0343131074902613 0.0156972614331783
0.0312516256659524 0.016636541149731
0.0426603026164229 0.0232710314616212
0.0162966749953804 0.0168490198020027
0.022855364955408 0.0210217490292933
0.0168538781274391 0.0121638631196104
0.0273234893860649 0.0170383464535563
0.0309345211817841 0.013826427371079
0.024122580572721 0.0135720528466633
0.0262746169543868 0.0222738940840507
0.0283597468215832 0.017554239361974
0.0195351710296684 0.0187533577919933
0.0128343951923605 0.0116210353332797
0.0382404437648308 0.0156076242257235
0.019831211445736 0.0175409461103432
0.0126726773805944 0.0108455106366666
0.0227277211591345 0.016550683003614
0.0285733831091284 0.0174698173284209
0.0341923988694683 0.0185456306999873
0.00790969486311132 0.0152256701161722
0.0159204411792005 0.0123185832939772
0.0197276040002671 0.0120285660695284
0.0356230356601256 0.0123242330575639
0.028258929611692 0.0164730554277049
0.0273459809585672 0.0133514151653018
0.0336134153982183 0.0284105117689324
0.0115359607093195 0.00922115481119051
0.0182031284417983 0.0104751178157089
0.0342413890090884 0.0211829482859294
0.0203618948718942 0.0120851524924277
0.0384865908666552 0.0203162965225084
0.00985434178733373 0.007678097355542
0.0526205151262326 0.013568831508856
0.018916730346788 0.0110072583822343
0.0188581348540536 0.0133005224232584
0.0342557542042907 0.0157037510204023
0.0263387318442062 0.0139687692003632
0.0160008220956944 0.0134478101403655
0.0154972645346282 0.011724591862759
0.0170346883089633 0.011903869374526
0.0344005250518544 0.0115128720681325
0.0253179806280413 0.0149015853468678
0.0148506341807437 0.0162676991718347
0.0226268563987742 0.02595671693586
0.0137731119579603 0.0167865964140639
0.0229522250232172 0.0189864067902683
0.044746563160276 0.0193225591772074
0.0186163062410495 0.0178828126859266
0.00623216024073447 0.0117465526569174
0.0128855471701092 0.0145616985589048
0.0145231477799919 0.0174148497890798
0.0197433595522019 0.0181102306445073
0.0193783529038035 0.0156283079850923
0.0370996935666548 0.0139194110212979
0.0135194617972435 0.0137438082504153
0.0210487590423191 0.0121968948638409
0.0190629707951769 0.0141133463344477
0.0330575086835882 0.0225198627188048
0.0164640899193858 0.0127349133410671
0.0204711894107904 0.0112451120798995
0.0190573015962866 0.0168313419109435
0.0286731658856976 0.0120651819653332
0.0296282803776938 0.0197163968360998
0.0103283962318085 0.00918934805909874
0.0146971053138558 0.00949035291118588
0.0134035190427686 0.0113264014283126
0.0236989415319242 0.0101532866318227
0.0193434912724056 0.0330510927884287
0.0349402324155685 0.0189271786447069
0.0187480541131974 0.0143079134465767
0.0415996824531975 0.0260026284798583
0.0270925471142403 0.0187740296759431
0.0308398841277558 0.0193170071036391
0.0481050358675401 0.0254599913412772
0.0226216843598698 0.0177975461900398
0.0182447850097839 0.0150281190920219
0.0929149924388778 0.0291438961653692
0.0200938314537477 0.0123226851673694
0.0151109899483703 0.0115848893069077
0.0121526321141827 0.0105971219664922
0.0290999300625848 0.0245152742357137
0.0171129216501135 0.00988482526561508
0.0151886018842935 0.0180374022716709
0.0151945060085284 0.00769800155976991
0.033611442713093 0.0199235765029773
0.014387191081906 0.0121103022044302
0.018639000884395 0.00749608072977547
0.0172776765306493 0.0107458945427565
0.0198886612939332 0.00920874602355631
0.0148516788707212 0.0114415542530815
0.0234845782478687 0.00977111912324259
0.012659379170984 0.0136699453156908
0.0126636081462497 0.0148140944082404
0.0203099236914526 0.025932728357186
0.0177882443636885 0.0142313148177644
0.0192138883957176 0.0117755444630468
0.0265746900307186 0.01616727159602
0.0166158651471915 0.0132077481781427
0.0228025493728818 0.0188990180455828
0.0244353355145248 0.0142916477405647
0.0228593813479781 0.0168184072855229
0.0118753496362277 0.00984526989103046
0.0160865365097506 0.0126308187899307
0.0265164873539417 0.0162640992040536
0.021583194408292 0.0137193589156148
0.0186927020389485 0.0106614806251237
0.0430302767842789 0.0275508699258627
0.0430959526731597 0.0219467229683532
0.0259446034844312 0.0165996866658179
0.0176899170976271 0.0187713052976949
0.0465017749875872 0.0187223297389794
0.00860718496964361 0.0159082455620149
0.0554698767431163 0.0233266860366446
0.0266809310658698 0.0161787907400879
0.0210734027377928 0.0166502540081094
0.039203347491802 0.0195194467909683
0.0292433007327407 0.018211164529742
0.0230428906492893 0.0209708598047497
0.0272606933159352 0.0133709134933073
0.055070352235644 0.0181856636940757
0.0320467981309629 0.0141040845862343
0.0232667798518222 0.0171197677494047
0.0268448699312822 0.0126594667565426
0.0366734086929299 0.0159408719516845
0.0344845006172639 0.0202185748614098
0.0416596971422069 0.0158946324206122
0.016350551953668 0.0162684032773787
0.0225141964025769 0.0142067322527205
0.0330861053514037 0.0121976946691952
0.0207273166875509 0.0135755811832076
0.0177367046040839 0.0177382503903947
0.0165439005240242 0.0152577431518769
0.0221221893041463 0.0132218900732423
0.0178356719169705 0.0103878816609055
0.0203774359900919 0.0131454401338254
0.0168940134423505 0.016919559391234
0.0492494582469194 0.0283404683458291
0.0301754119724785 0.0157836406900533
0.0129352928533272 0.00820104489566898
0.0278002199635595 0.0235667965143712
0.0610369841485155 0.0250306684067036
0.0294992787852596 0.0211092169070951
0.0253019546679607 0.0140109240743934
0.0256898912320141 0.0170710003996942
0.0222499304367466 0.0169416298669195
0.0367260908866528 0.0183351443413416
0.0237376476617091 0.0242346955154807
0.0244417423662243 0.0171993370863268
0.0257127447233891 0.0141873478005132
0.0126640722952154 0.0114739785851344
0.0206634144113107 0.00988827145187756
0.0310844413867223 0.0174034719722013
0.019289953725651 0.0176423023767371
0.022330119053447 0.00999811182855227
0.0178498388282483 0.0101610453626644
0.0533352077167276 0.0197205495455473
0.0148198972710196 0.0150423566990981
0.0396194772953097 0.015501455495586
0.0125281195383689 0.00652709971504141
0.0108653360296736 0.0149446145221732
0.023103095332812 0.0186564736441254
0.017225487051345 0.0115401040118818
0.0303131208397385 0.018388398841828
0.0122626103524549 0.0141070195132531
0.0238112196089704 0.0162330414614296
0.0324801853496036 0.0163239660727007
0.0328028679429332 0.0121771278568598
0.0164036110030147 0.0150005416360227
0.0189225534021299 0.011832667976306
0.0296868834848821 0.0304980791681467
0.0300162371745501 0.0208929821322716
0.0185296048254147 0.0141123792194928
0.0304390567233863 0.0206165684737684
0.0169216936796391 0.0141027920562713
0.0484979124590227 0.021205258349671
0.0184379458865205 0.0164346382314202
0.0176368578136623 0.0107758752276215
0.0170573347337116 0.0173925813702798
0.0346663129112277 0.0233529911551062
0.0272585381175844 0.0218972543864183
0.0299571310755399 0.0180738265791291
0.0213057376442911 0.0153015775244983
0.0308051318680889 0.019191314576739
0.0194171182780189 0.0170842681776388
0.0283680926310712 0.0160168524681588
0.0395485152045814 0.0210435674958839
0.0093207386334313 0.0125477354353699
0.0129231551618136 0.0107946253274357
0.027115842525295 0.0114284534042507
0.0245467577229353 0.0176013727332072
0.0322442507161439 0.0149240254690886
0.0418355500917193 0.0222104783084264
0.045092814685581 0.0344180636309725
0.0108672825948693 0.010318597505609
0.0360486956490639 0.0193152127795515
0.0176534196059176 0.0147815816018644
0.0177858842777231 0.0162084988702843
0.0244917629711482 0.0131982938419574
0.0252731831889009 0.0193009713994707
0.0543449752276994 0.0255676989613578
0.0249718356312802 0.0170414529935094
0.0138378411923383 0.0130593137297126
0.0238114236191475 0.0170672876495277
0.0269331927377802 0.0106047334055189
0.0384597757534323 0.0213819056222727
0.0247436973735333 0.0142992868837515
0.0094309744886056 0.0165020399492362
0.0294875228995928 0.0214778677300564
0.0199974254046711 0.0200038113474693
0.048522627847638 0.0188424569895248
0.0202972992908199 0.0168227865770548
0.0266070276254775 0.0195192030539248
0.0115156670305241 0.0115298289940227
0.0227210319964147 0.0133015671354413
0.0250560551137032 0.0217660593682764
0.0361487096719677 0.0214821277238384
0.022609728311573 0.0143567697398671
0.0386433079200732 0.0213253938884674
0.015653925902501 0.0159333824199369
0.00707925049312076 0.0106545217589216
0.0107768458139444 0.0153986766681243
0.0186545824316056 0.0171027803002598
0.032406694900651 0.0138846103500179
0.0303418776551027 0.0125572242740117
0.0312918059467378 0.0153361002600242
0.0458438595151352 0.0253565892606362
0.0298847657720916 0.0208662350206213
0.0212484929612465 0.0113144728286397
0.0344935357215599 0.0127827820117128
0.0284037482527724 0.0129506902015887
0.0129870175717951 0.0124942746879154
0.0194448178423221 0.0166754464062021
0.0221118568815338 0.0128381863419986
0.0246120596798358 0.0105632281256459
0.0155173747850621 0.0104416095853511
0.0189040887999753 0.0111003955379896
0.0141348982152866 0.0138338470554519
0.0216277887552624 0.0160441830637914
0.0192229086790817 0.0166727977134018
0.02601704934004 0.0146062946308268
0.017044987526147 0.0174850796843188
0.010983817043004 0.0103934557964812
0.0173551260507919 0.0124288357833581
0.0141961689478954 0.0141215062198391
0.0229320081576062 0.0223879944232563
0.0403774522883116 0.0182847758916501
0.0201510873803244 0.0214271844965117
0.0312258083176425 0.0147356816344969
0.0160534292318983 0.0124957196021169
0.0310714790258536 0.0179269600447308
0.0137265625931579 0.00906146676291343
0.0281404067446345 0.0113877978506679
0.0203183824599136 0.0179505806424607
0.0224744231599091 0.0171153822309988
0.0257012039449063 0.0136473384198598
0.0258672980882764 0.0169273294645872
0.0257387053621103 0.0189929539689628
0.0138992316134508 0.00794774086949051
0.024020685507376 0.0127370610063041
0.0180586046596041 0.0158696377661288
0.0322854380470947 0.0297153386744291
0.0154298959560393 0.0112050506045231
0.0172524159452938 0.0122917337221237
0.0380569824185204 0.0162751217563906
0.016682910567715 0.0185666407550762
0.0147626183120527 0.0127728039285105
0.0142492043535428 0.014514970814208
0.0203151038078333 0.015566552997035
0.0214039000822086 0.0106370293669626
0.0112161381847309 0.015918851962704
0.0209914831466397 0.0150934586807831
0.024092190566559 0.0194161389775781
0.0348527209291494 0.0176346341962549
0.0416950206018734 0.0229495339504337
0.00650722008939614 0.0146265571218277
0.0121398319134548 0.0106629945148115
0.0190711444265515 0.0109435519704177
0.0226863632877492 0.00932566668059198
0.0156211053477241 0.0128053398092151
0.0336190267146815 0.0230831123320475
0.0291834016824909 0.015693595963799
0.0309017710017765 0.0174196817094377
0.0163668505640098 0.0116725240103716
0.0132405485683652 0.0140485520991068
0.0128194193268983 0.0119960526540202
0.0254915654841033 0.0174745761122905
0.00973553819838603 0.0114357784817241
0.0128413303884672 0.00917688068009193
0.026235000760948 0.0202220195870704
0.0217958285394321 0.020287980256596
0.0552102883716295 0.0165992357809552
0.0123356403764051 0.0137241984435005
0.0290361896209265 0.017175256276983
0.0201961238943071 0.0203128045800556
0.0319859026402439 0.0128934213381679
0.0207044595405218 0.0116845754521423
0.0104910935001732 0.0105765090102167
0.022290467095618 0.0158038563808431
0.0361623705377238 0.0210623186066326
0.0151283668963889 0.0122154850020147
0.0118132105067962 0.0114209390131695
0.0336153695459628 0.0206960783575936
0.0118761684507724 0.0152963160340039
0.0230840358054236 0.0177585119663604
0.0361721941622511 0.0250990290104888
0.0328210320336583 0.020628025124255
0.0145819741624481 0.00900950144743159
0.0132299659984595 0.0108902952030046
0.0113247047931099 0.0147158069289215
0.0174550312929194 0.0120518184622893
0.0284160176701391 0.0211617885212127
0.0168035191124167 0.0161308076135901
0.0407929400209427 0.0276687631936643
0.0207809532705105 0.0143817864705206
0.0202386292371588 0.0134471386985112
0.00691188253490179 0.00756710470210142
0.0256259122551951 0.0193603562547268
0.0129114544344763 0.021815715918431
0.0239206304219979 0.0177080452074343
0.0388111112233241 0.0287852491284454
0.0175764472976337 0.0148323622512918
0.0216965740217031 0.0154656846170969
0.0115763903798749 0.0118772995357136
0.0245883486363988 0.0122290190810565
0.0237722929563914 0.0140168235448558
0.0356032327807421 0.0254412457202929
0.0431320641554942 0.0142887745910208
0.0117157355114971 0.00913526341219741
0.026770895263365 0.0194684137873389
0.0161646748325175 0.0115269547924752
0.0172464761041807 0.0240410244238068
0.0128684550447459 0.0172240563794355
0.0221998406138331 0.020306717279604
0.0137527971421077 0.0085037161930021
0.0205759345790446 0.0110112078344262
0.0160441035103046 0.0138843261658912
0.0104865929185785 0.0176391218869922
0.0149107052213306 0.0127673739457766
0.0340917834400071 0.0187820938977358
0.0358780983830589 0.0167881464787716
0.0236700842837216 0.0147360306932135
0.0275437505287814 0.0169131871244729
0.019163328266396 0.0125490373750124
0.0199375681295358 0.0111755327492963
0.0322680971516558 0.0167379391157771
0.0418969758422493 0.0277746671716092
0.0155271703540681 0.0120540470442317
0.0201453292502976 0.0175015093477127
0.016311805447317 0.0121078503353556
0.0235230858334934 0.0128161322485518
0.0122620977478295 0.0142712258523091
0.0250660042860354 0.0149340871972386
0.0397286588457441 0.0162581619734691
0.0350148912627627 0.0248058489007197
0.0256630118599943 0.0159508225937546
0.0197851602334872 0.0110745284334743
0.0275472522472056 0.0125971421909418
0.0188908826396447 0.015731382699468
0.0321806391542401 0.0187594377180393
0.0181998101337688 0.0143015625889734
0.017629100494287 0.0192295781834289
0.0274362558301445 0.0162081500650898
0.0208620626841455 0.0224508941293982
0.0264136208698252 0.0232273258276455
0.0170445896127522 0.0188460123967858
0.0245655651355073 0.016485025851803
0.0255810962403072 0.0162349073721223
0.025014868232968 0.0151129649782064
0.0178777191220486 0.0162332659745572
0.0108003403546708 0.0131206735365424
0.0156882537416157 0.0141789443883137
0.0154213735217097 0.0090082071142885
0.0444344667057902 0.0312595800468832
0.0505358560798688 0.0145735710417388
0.0223089577713487 0.0119028027363857
0.0169823921095546 0.0130986761721571
0.0255085693037664 0.0195119825999327
0.0248664842737587 0.0209021705192542
0.01245407481749 0.0112336161044649
0.027415234932978 0.0234099123494303
0.0233787244274098 0.00908201977017152
0.0439737737081412 0.0274213735015369
0.0139290392099952 0.0139112372666407
0.0464889724943095 0.0206499257846938
0.0257826571400016 0.00963889528554029
0.0169996153794934 0.0136551403483677
0.0216800066844989 0.01705808582743
0.0291337963185022 0.0198166496856147
0.0152535894349932 0.0145299479692317
0.0400408853109855 0.022760399542398
0.032271775445734 0.015384434386041
0.00762761588477733 0.00774864840268498
0.0175487383108024 0.0144994157053669
0.0327125248714081 0.0165226633798688
0.06561043459064 0.0257803752004542
0.0383399155842698 0.0124697491574877
0.0166582482843136 0.0121544702425116
0.0472698036000616 0.0242521853875207
0.0268066986020208 0.0154024898298705
0.0307483140370285 0.0100600258263436
0.0133938248050028 0.0185810148529217
0.0176518110176196 0.00988394911296818
0.0227961689905868 0.0259416916252145
0.0175506973118505 0.0153676134207485
0.0210871132223015 0.0146645645680717
0.0213429529184322 0.016382004462603
0.0127346754127567 0.0119603180304587
0.0102063685505618 0.00696216149024798
0.0295066194549018 0.0183393724611601
0.0124698332595923 0.0129485709633786
0.0137131758860953 0.010604160624477
0.0323934783545247 0.0155056401440499
0.0172773360858364 0.0182787403678692
0.0260055313904122 0.0159041693552936
0.0533074134542664 0.0194390824811333
0.029541341370665 0.0175558754366727
0.0340626084126731 0.0141039618722718
0.0276521274423081 0.0154115310447306
0.0217945780524455 0.0149387429311737
0.0362817784981731 0.0174899687855701
0.0281476393459797 0.0218414282173505
0.0277535302623138 0.0136511379880627
0.0292327025980874 0.0181431897135695
0.0241725753206794 0.014299985042919
0.0228695999293136 0.0198315092763948
0.0243115838562075 0.0127932318210683
0.0238171903870333 0.0255249206859678
0.0135830438514207 0.0180886340849942
0.0281734775728411 0.0144247861472256
0.0199991514599333 0.0206117997740928
0.0217898485758795 0.0143977359874427
0.0135811185706742 0.00918544545409251
0.0381270471782528 0.0197605659091031
0.0156378299997435 0.00858456637526741
0.0307740991322746 0.0108460701701981
0.0349096015898892 0.0194854437432847
0.0195788787792158 0.0139158440945026
0.0298945450643287 0.0190715640055645
0.015183824090372 0.0237286189625714
0.0174045139121919 0.0117546693184459
0.0381078124462756 0.0197987134998136
0.0386771103206441 0.0244252061738283
0.0317638328412827 0.0193584879505152
0.0132802809221058 0.0153327802627808
0.0267907881730363 0.0131567485913239
0.0131140456216358 0.0107569820975912
0.039165466470459 0.0242518917905423
0.0261376150890279 0.0186785276865885
0.0216743730255219 0.0141861195779615
0.0298481929462306 0.0240038793734141
0.0135904112296611 0.0185310178227862
0.0150960218983697 0.0128650956171005
0.0278074668856903 0.014880661216085
0.0328383768186183 0.0121148749752337
0.0387185817138561 0.0182562207726068
0.0320987748059073 0.0209311932621677
0.0187387798191461 0.0114173999983756
0.0280363160579924 0.0200392922269816
0.0112692787552437 0.0133658079366992
0.0319492937456081 0.0164073987564434
0.0306550457011267 0.0165105327456676
0.0197197657618781 0.0120855139480668
0.0191237836646498 0.0164705044376382
0.0225904338907848 0.0205036100029335
0.0222543493946935 0.0171175297831464
0.0159160924129582 0.0180213422970877
0.0118591233374429 0.0105554764523325
0.0167100244645202 0.00985372532192097
0.0312204434757156 0.0172279161811042
0.0161391183753107 0.0112559995821521
0.0369894257086663 0.0220004666821586
0.0125259129681601 0.0140176735976707
0.0224479256997567 0.0136556099917879
0.0154338027146936 0.014279702507659
0.028180443037143 0.0187756015248776
0.0159521540677875 0.0127682989399064
0.0152819205922506 0.0142495071431876
0.0313352564849387 0.0119090639339337
0.0268238064345761 0.0173424559718608
0.0409282655768448 0.0229101594130944
0.0219752749199294 0.0169395353898447
0.022100989491871 0.0130644744849534
0.0138049401378991 0.0145382834478856
0.0262805783507638 0.0193373347752121
0.0259363724932176 0.0128041309813325
0.0245479806952847 0.016968793073814
0.0236358062899967 0.0136628586475776
0.0414082914217685 0.0228839199988849
0.0310188451428205 0.0177123454961646
0.0330680683761976 0.0226953753419452
0.0294294547851068 0.0112309390451858
0.0393810374507414 0.0209556973375676
0.0104845811760639 0.0143739883934296
0.0227452510699783 0.0139631009337604
0.0211658468306112 0.016380225892207
0.0171767638403078 0.0138168331612514
0.033625194348878 0.0150009507555458
0.0227781694142647 0.0194538451689351
0.0298602881322455 0.0152044551489756
0.0173672383741949 0.0161741140889635
0.0135121477292447 0.00848633593478524
0.0193100165234421 0.0141690934894092
0.014893056487608 0.0140406472678628
0.0179871847308657 0.0103499463184725
0.0295315985943654 0.0249420835177128
0.0252452634290549 0.0180098685141405
0.0137843539651789 0.0144665213131254
0.0331545987193584 0.0198234513164942
0.0306265562960869 0.0165489502864998
0.0188631364879972 0.0111815285091473
0.0144454353364537 0.0123384856205523
0.0193183095610357 0.0116781839321727
0.0136561146715202 0.0158532483697977
0.0241523228922357 0.0249821073872219
0.0217695350272006 0.0137264138027584
0.0275104265229701 0.0164362980931832
0.0242889193521098 0.0166355993688442
0.0455709778339943 0.0248015346456444
0.0129055300895988 0.0108758221605924
0.0194127638765666 0.00813031038261576
0.0103260718652376 0.0111252777247187
0.0185295067152707 0.0145158850569107
0.0145422087365582 0.0160623006093624
0.0357824400383402 0.020476718888878
0.0228773599253705 0.0172597609514874
0.0212034319880253 0.00908076335501583
0.0156029923155437 0.0116213946354772
0.0174429314625416 0.0161815640512152
0.02202980909538 0.0185755714747382
0.0209928179887733 0.0165756708819975
0.0169475729301172 0.0176296232367896
0.020793977546517 0.0154642984184656
0.0209840995093414 0.0231352878757164
0.0306871963697391 0.018423704750134
0.0235844679476378 0.0168368891984118
0.0580465480781814 0.0236036598176673
0.0160440211594454 0.0175603587004423
0.0199865031833639 0.0137409202725899
0.0211393372589679 0.0153523442160719
0.0179769714769998 0.0128852827272999
0.032851171711968 0.0153282443750303
0.0455877148351608 0.0248606751547692
0.0150496722134966 0.0130450341546532
0.023950193118519 0.0144519917375636
0.0238680921799576 0.018290787548659
0.0321275579960087 0.0224857626494162
0.00967539796179313 0.00865175650713733
0.0219585121143393 0.0107716991614964
0.0171072143500227 0.0138613639676245
0.0226957544842316 0.0190553148149305
0.0189419998486905 0.0151236861206682
0.0174473082621086 0.0149914801643569
0.0265436197990919 0.0193782212292558
0.0402795750231464 0.0145066002729881
0.0203097883694013 0.0149311611010578
0.0169436063134466 0.00911872714082944
0.0198862349995335 0.014582541011429
0.0307667383574449 0.0173595898484515
0.0231622879259055 0.0195176085792041
0.0286946103333748 0.01754835662515
0.0137932506512115 0.00622514448844909
0.021463620906633 0.0229907583921906
0.0252776054312693 0.015429226242369
0.0146268178531889 0.0161456933722328
0.0230371322625993 0.0148276852115667
0.0132958178237214 0.0141884222405752
0.0146807484167415 0.0181325294441581
0.0217460882734554 0.0175599771645796
0.0258426964495597 0.0195754310364272
0.0259227365989451 0.0176585620832922
0.0313422136320407 0.0138735377843755
0.0150482774408038 0.0147256530642072
0.0324808324790695 0.0142225139992381
0.03088941677804 0.0139207314578558
0.056604007389608 0.0286118198497214
0.0671933319786784 0.0226852724403277
0.0364003907495515 0.0124274668533103
0.0218914705844899 0.00972454358109331
0.015661960893598 0.0119228223943904
0.0170717197322576 0.0159648479280742
0.0267508232520217 0.0161455766565109
0.0201287031114276 0.0132213852778829
0.0296866544624111 0.0167886954285684
0.0212001843333136 0.00632865417316349
0.0192126814060229 0.0126862145862619
0.0370920622027776 0.0242901130427568
0.0104886244893543 0.0113046707466176
0.0166362636600059 0.0127415739944709
0.0197559617994096 0.0164339592540124
0.034863535061969 0.022636314005208
0.0304435303463578 0.0204610580653122
0.0214449860471061 0.00932451960387459
0.0124616856209052 0.0192027571578752
0.0261377382973315 0.0166932776278595
0.0165443415294547 0.00991025073877592
0.0190474121324366 0.0159788398575674
0.0209631408011573 0.0193188253165659
0.0126165032367661 0.0157540423090964
0.0438615950565016 0.0166282037817711
0.035439877217726 0.0133776496093056
0.0240578892538051 0.0167035587523921
0.0148346832277917 0.0159561609686584
0.0231164778983197 0.0238814048163123
0.0383407349126037 0.0122325385333469
0.0245745614296864 0.0138710733230566
0.0145936471361989 0.0119328938566481
0.0332497683616765 0.0205443702246007
0.0197178912276519 0.0148904253187896
0.0130587325971497 0.0140842507467131
0.0345351928348951 0.0361398795781139
0.0419280964333002 0.0262851249477798
0.0311019067406615 0.0174788518385256
0.0370816636291923 0.0175518780506613
0.0222424917001121 0.0138573310616947
0.0238749705934994 0.0175291120528348
0.0180965603427076 0.0183456413092224
0.0183491548633409 0.0183634628205857
0.0200014997763318 0.0114431903579577
0.0390472418226569 0.0188311469699181
0.0137666940750543 0.0107456535845119
0.0264815370328137 0.0140807107009685
0.0303840187920355 0.0290160442245548
0.0167156783067792 0.0211022980374373
0.0247971704844949 0.0147683856577584
0.0241454062867824 0.0113836016965297
0.0455459687946356 0.0209328227850844
0.0287506931316904 0.0183880977349074
0.0361565287460924 0.0197032299070999
0.025522466498297 0.0209084419764764
0.00695193423223701 0.00905009474368193
0.0266837999652695 0.0147980027678189
0.0357237534113433 0.0190235777160986
0.0279558403817028 0.0102804208239374
0.0196746282853553 0.0125108546000759
0.0728874289299216 0.0182217685052648
0.0198600063549584 0.0127681184477908
0.0223654641165814 0.016095581589717
0.0112283889873553 0.0127152404961272
0.0188358633496039 0.0181014799010309
0.0158386480570408 0.00952407516377581
0.0175886543330709 0.0115442838964256
0.0190207326382919 0.0189469823323914
0.0326207446424206 0.022136110075146
0.0576481323221755 0.024801438593945
0.0211853765428836 0.0167794053858625
0.016186003914027 0.0119250427918706
0.0552477554756713 0.0177381026027085
0.0226579747908548 0.0180939177318214
0.0207165486789 0.0184729761170225
0.0226826413111081 0.0231942107344503
0.0117495932096321 0.0146259126464466
0.0265296305646335 0.0129148564018898
0.0184492645885167 0.0157605620829282
0.0301669569945121 0.0183523666675613
0.0502990488204523 0.0234809417304665
0.0239554385272991 0.0226835938464819
0.0320903397678765 0.0159007994908033
0.0134645631476871 0.0106248345631133
0.017411736992782 0.0166669969137081
0.0192134130052329 0.0156206710851096
0.026800337477164 0.0154345031754416
0.0227046609732066 0.0160728418813316
0.0423126683428314 0.0210581408576721
0.0174189001576666 0.00852593043887338
0.0177869271719197 0.0125180358517285
0.0123402135202471 0.0114915054091777
0.0392894311547158 0.0122532275665181
0.0187894803017425 0.0088416018363187
0.0168126653314419 0.0119919657602316
0.00978782405621466 0.0111212827221266
0.032039282791986 0.0119072915973819
0.0214417521327381 0.0132655193682186
0.0148510574883898 0.0151070482957377
0.0257616637072049 0.0114534726465023
0.0199023284546216 0.0172109016563942
0.0193017514162187 0.0168944589271818
0.0121689892081515 0.0146322787234531
0.0188640254857613 0.0127386786484759
0.0149762616229364 0.0108137707269384
0.0597065983601026 0.0192767371806614
0.0176217495992918 0.0205481419861651
0.0227359373725975 0.0216807869839957
0.0286701031220205 0.0126092710108639
0.0216551449985432 0.0151951426691756
0.0188431950873834 0.0163772795235607
0.0218426597025403 0.0131308235121438
0.019933700764322 0.0165701644057433
0.0408720539569597 0.0162586144408125
0.0168868558682729 0.0160254732210978
0.0232524089167354 0.0152648504898173
0.0133556770464844 0.0110685847893177
0.023964075476384 0.0165531036398296
0.0362266882163988 0.0195147097312633
0.0313664231242489 0.0159579712131009
0.0197932461226827 0.010526234997766
0.0359784105087467 0.0214551428282876
0.0247230137555467 0.0133813413858318
0.0211913296975921 0.00862435329140301
0.0252941015776217 0.0170265171229034
0.0166235487257154 0.0164269055924794
0.0208133506249655 0.0120925078266699
0.0200074364790543 0.0126304006214389
0.0283972446028595 0.0188315500053227
0.0189666885987369 0.0163367603510736
0.0104332564377372 0.0122403048003217
0.0181631760812658 0.0125266410846057
0.0424300008193518 0.0181063694767857
0.0227929676223002 0.0219396065091729
0.020152317074157 0.017877769572215
0.0149032419759936 0.0129269450495685
0.024968338838897 0.0162923796266829
0.012975419832926 0.0103216254480368
0.0335539787078779 0.0128464814920269
0.0175572314110822 0.0151884189781161
0.0309112533583906 0.0129632590384049
0.0260968376629471 0.0183498587313084
0.0183960849791063 0.0108189295778163
0.0198460787849607 0.0174389725891452
0.0140369438209122 0.0168326705592659
0.0197200925573572 0.0141471235918432
0.0467371035048241 0.0131389885408107
0.0169352758511481 0.0128837373853009
0.0190696906168726 0.0156674414876102
0.0309275793197148 0.0226451143833166
0.0280175075655127 0.0220006862745815
0.0380975750156354 0.0161062531581139
0.00865440418203123 0.00777611407100336
0.0230289930145512 0.0202712302662393
0.0156969188120182 0.0168655353124616
0.0339355898736624 0.014923717403742
0.0158985754771305 0.0183884437628553
0.0293121511548699 0.0250680282617405
0.0179407360236348 0.0158484243962846
0.0162298098444851 0.0129191457075197
0.0146285863763061 0.0134071107545507
0.0403968393823235 0.0172960955336995
0.0234046499712271 0.0159655990300209
0.0187409439941265 0.0149754235956116
0.023117226123962 0.0165442634483308
0.0377502738121869 0.0163619600447996
0.0200143527191094 0.0145894867493887
0.0357776312988996 0.01543279418463
0.0297866778430604 0.0176637375785315
0.0197421185226053 0.0123275080950985
0.031898885708901 0.0244109223410968
0.0399537437089127 0.0169507732717463
0.0451703604260861 0.0162772088118185
0.0362717231913816 0.0149769893028165
0.0156332786195902 0.0124629889354503
0.0243370973278396 0.015388683143989
0.0475332342322516 0.019472924575229
0.0240121347025643 0.0227086000806889
0.0198476996693616 0.0136752748632942
0.0261490015608401 0.0120566644564621
0.0353387620457932 0.0199495256515081
0.0336615729621667 0.012089484330005
0.0247488647249653 0.0180566564510814
0.0166952051130697 0.0115470269159152
0.0183718062958419 0.0104562019042308
0.0532857677252093 0.0192065351413275
0.0248970218928205 0.019716803746947
0.0194548230449559 0.0101841518888992
0.0329889178384676 0.0175703591578067
0.0471221065579214 0.0207753227910607
0.0147992241728352 0.0101805251306563
0.0284446140973236 0.0211980815069393
0.0241519285934566 0.0136626517737437
0.0173051646847175 0.0147254837022318
0.0314190089249042 0.0230818314659749
0.013404186264701 0.0138959332059125
0.0196248471979292 0.0144738388073522
0.0225672017942164 0.0126573791759669
0.0119232856981164 0.0116829048879711
0.0157030318363771 0.0128443803579058
0.0204695130286731 0.0119913181551389
0.0244211991563564 0.0191044704674595
0.0169762540875414 0.0154284624221927
0.0375816576815703 0.0122415855315212
0.00910653925962165 0.0168805045214132
0.0226337208594252 0.0125855878516335
0.0185289729006864 0.0228368341839022
0.0142803592469412 0.00873492164265104
0.0320554917530674 0.0252244757852824
0.0141551182384583 0.0145756030119673
0.0225170402766607 0.0209219536874189
0.0170796899467104 0.0120167553408631
0.0254152812366956 0.013083217702434
0.0136725726811104 0.0124551101837932
0.0274267248978873 0.0180986625626429
0.012465070700902 0.0128561228298253
0.0102697244730665 0.0107420673156289
0.0102620274428197 0.0106692704429066
0.0181325341668897 0.0091083509884749
0.0293732561888983 0.0138997011014709
0.0511366709066948 0.0127700072781941
0.0327302965804988 0.0163171015723045
0.0213682991603823 0.0141033851360019
0.0313248133939681 0.0183197464637519
0.0128710839624808 0.012114377104104
0.0171744837293268 0.0153662856967609
0.0233564586822757 0.0129615461409579
0.0282538944361812 0.0156790012045442
0.0299147970167304 0.0207518474606748
0.0175450205511034 0.0151986756680661
0.0269184771470489 0.0206011279693296
0.0542339130569842 0.0192237960723351
0.0335252409819884 0.0189117797374153
0.0119768431070333 0.011558128129929
0.0254159822006605 0.0144997879373287
0.0260703776103634 0.0197359590672057
0.0130955203691685 0.0126438897651721
0.0206130945452555 0.0141303728510539
0.0230551010150831 0.0233159566652283
0.0210969668347523 0.0174424931279006
0.0245557914384326 0.0124953360212482
0.0472314999957279 0.0207859771708008
0.0344127483982303 0.0212425133848866
0.0308557002350554 0.0214182879560781
0.033631526283698 0.0175241870240618
0.019807552403103 0.0281909371170626
0.0201973108943989 0.00971857421592068
0.0201807111163726 0.0214618162908437
0.0129856192585283 0.0130853529990045
0.0232305147203534 0.0120798994005645
0.0423254811010709 0.0264635603033035
0.0233497556406295 0.0206341981689813
0.0121761817452157 0.0152544067616922
0.0189138671269781 0.0176109959770187
0.0318177203545382 0.015929477274523
0.0194124385082999 0.0154965355193367
0.0165224674798372 0.0127275797885878
0.0193647093364264 0.0199229015734021
0.0120070030217657 0.0130916666198556
0.029016201199369 0.0166188649259694
0.0157505051288509 0.0110774538680504
0.0508532564628742 0.0198515512236672
0.0236368505652648 0.0205265805486007
0.0452803294366039 0.0298666550501433
0.0214654699585956 0.0151817523705462
0.0311021996382013 0.017857512365403
0.0209263991453986 0.0195343647792283
0.0277320053042661 0.0148091219264442
0.0152419757230138 0.0179756621809236
0.0187177204638874 0.0207272068097131
0.0233850244888298 0.0168312399323971
0.0152804086609864 0.0179328162157144
0.0147290375503017 0.0113711938872035
0.0246768798450103 0.0206028675544795
0.0554769930979353 0.0247680067882388
0.0239315794200528 0.0104118416168484
0.0295676202582735 0.0190685825907042
0.0278960324068957 0.0157618426031345
0.0239299030346239 0.00983210107279091
0.0204732545660735 0.0178738094252932
0.0228035011724039 0.0159181546917271
0.0316112532547423 0.0196849700378194
0.0374647778935377 0.0128524379805092
0.0267052078288098 0.0204537204532573
0.0217992974394126 0.0194472194952191
0.0471665613353234 0.0133347748535503
0.0364936991835782 0.0170176807005335
0.027186984451432 0.0133501894830048
0.0298208330920148 0.0193843358980881
0.0330604820407895 0.0241391521431014
0.0272061635197123 0.01804483162768
0.0427990702025724 0.0208679713714499
0.0254519473869135 0.0100097535200266
0.0239689458109577 0.0183874569211327
0.0258696253630855 0.017512092946317
0.0521064249161921 0.0215958843633033
0.0272345768537715 0.0158499003613471
0.01255958308386 0.0112498056902597
0.0408241418691672 0.0217460115813958
0.0426482479940595 0.0224248489107286
0.0475407573405144 0.0220616247096411
0.0657987794082166 0.0275417828850778
0.0393505993368641 0.0205090208179852
0.0255108060990169 0.014150719008369
0.0262468412325582 0.0191691317952491
0.037303112584166 0.0215083435202597
0.0205614008746845 0.0106268693654762
0.0199810527884451 0.0106725930234598
0.0133592394556425 0.0132916382525489
0.0202711753475662 0.0205804769113057
0.0107131998460375 0.00927831235335219
0.0235787064869703 0.014134575523219
0.0223804572654137 0.0155278291429809
0.0247590929413388 0.0110513875436173
0.0307581900913426 0.0129389750675559
0.0307116814417085 0.0184709109492273
0.0320691062761397 0.0152179271403391
0.0131295008920103 0.00953886483332485
0.0199420592404007 0.0169921989011298
0.0076831339294572 0.0114474965344963
0.0155219687090663 0.0124412775931356
0.0185671808182626 0.0125538101375132
0.0266445305664578 0.014346145551214
0.0284661623807731 0.0171710069883368
0.0290426367553572 0.0159323353322642
0.0192784169505659 0.0138299843818421
0.0304253344112863 0.0155875676123969
0.0340076736687956 0.0219812560947015
0.0412063051702181 0.0248345880907071
0.0143161045756479 0.00895769936303734
0.0154375303834421 0.0125860765253585
0.0102451751859929 0.0140548603284947
0.0178737368751531 0.0102662927401089
0.0426371538126435 0.0188398073395094
0.0120851961080013 0.0102073715219233
0.0162417344499094 0.0108449522750614
0.0223786022903086 0.0133717255317237
0.0118367537409875 0.00910685619027243
0.0378737204435325 0.0172093773301992
0.0409790621714642 0.020381393734948
0.0209528761184539 0.0147498891883894
0.0316459154627565 0.0201337890212058
0.0189779655515386 0.0111233857155648
0.0172028183220824 0.0129883626818513
0.0417036532101664 0.0306252123483174
0.0165700290872778 0.0176283121639624
0.0179129755811902 0.013900212757776
0.0289021359594382 0.0182191664754861
0.0297680351647926 0.0178881561686983
0.0177132904147325 0.0185278892969148
0.0191870809573066 0.01342858218477
0.0235960088991478 0.0132454304969341
0.0130811008334454 0.0179439039972517
0.0162406035962878 0.010596269581048
0.0168806083408008 0.0147389548024716
0.0529704059531002 0.0230304434558537
0.0250005579289547 0.0163921356607913
0.0247583116112258 0.0170110640239395
0.0399790589695456 0.0271007286104445
0.0237548348593997 0.0155289431590985
0.025398949345294 0.0127090060719493
0.0570143763098982 0.0207335406546164
0.0170913761042309 0.00649016007373632
0.0204211261660522 0.0129515150595577
0.0242457780604172 0.0142526419971286
0.0203609908426318 0.0169652249803472
0.0315091060745016 0.0159509898626034
0.0150369121932922 0.0153133845715839
0.0183247594265652 0.0149210128905649
0.0128475177095068 0.019011911769551
0.0246128342070243 0.0140896969173701
0.0151064049028519 0.00918463665900337
0.0326844446750007 0.0212692593642147
0.01753265073312 0.0147698623130376
0.0207351718937705 0.021420217846639
0.0323964533941593 0.0225174344219529
0.0254017797607346 0.0207823337922416
0.0177936061574384 0.0127558009210663
0.0186757481010812 0.0147177589882528
0.0206325879789597 0.0127174816521674
0.022560569699596 0.0197685689239894
0.0175199256745728 0.0202362100588065
0.026830072550718 0.0155875192855506
0.0155525014127561 0.0155346675218882
0.0453135261643726 0.0248645192844133
0.0190355298439132 0.0143885568289891
0.0133513929620736 0.00916303535650255
0.0198882892523407 0.023792686608332
0.0233367561603665 0.0157740599017807
0.0131358257709474 0.0114572808671138
0.0201825016711278 0.0186719608660059
0.0368260860921864 0.0165761090251783
0.0196870389056118 0.0239983128306693
0.00911973687834988 0.00786979523615148
0.0255171557544796 0.0237354647956461
0.0343400323944505 0.0209279668778202
0.00981070872706678 0.0124721081724678
0.013693738810643 0.0156788423933154
0.0202049566576821 0.0216392233942049
0.016216585296183 0.0149811477847725
0.0247854429769248 0.0145179081527843
0.0152214041408146 0.0134959679602328
0.0402626964651754 0.0191150573363987
0.0217497239913111 0.0173433776748012
0.0240030263326924 0.0225751524441162
0.057970800473657 0.0262993437096623
0.0220557667839443 0.0199617197194723
0.028784051280944 0.0214557438733439
0.0170456131341291 0.0195027961292558
0.0289211155221291 0.016131891288386
0.0184729345916352 0.0142682959477576
0.0224571406651313 0.0129777991303746
0.0210395999727358 0.0110945769888262
0.0188405167802185 0.0155835085342259
0.0392476487990926 0.0171111578922318
0.0233932616082267 0.012937766426618
0.017973749458587 0.0131932111901975
0.0218822038237075 0.0255267953366318
0.0218045178712852 0.0131828534045855
0.0174065794046782 0.0147767409823085
0.0162909459163252 0.00915721876391569
0.0341425132375153 0.0145100588442974
0.0231643842655739 0.0198325940485797
0.0107469531173392 0.0084454555583166
0.0241527415142425 0.0185243445561075
0.0187152930449457 0.0105549621078992
0.0239668012074325 0.0168784102165981
0.0154433609208045 0.0174051602474034
0.0328749630634917 0.0166673841707441
0.0217963314051541 0.0182915303380079
0.0171646764595887 0.0109396463579062
0.0392901828619371 0.0230460714207203
0.0273712382231954 0.0149886078693867
0.0233390813508967 0.0147694502584746
0.00798425165133928 0.0097291324597863
0.0275131145909688 0.0158683747630826
0.0166595875911495 0.0127490725788971
0.0271355602176403 0.0181639309101629
0.0233238267916662 0.0132119847322604
0.0303714083292426 0.0206993589165106
0.0415045430418235 0.0184279835574673
0.0297020624028376 0.017424682910076
0.0326995472318715 0.0184338209738002
0.0210272169095969 0.0172139099498731
0.0235021873318463 0.0158184281642628
0.042132296056238 0.024110989951776
0.0299771259102678 0.0159201752036521
0.0313815521375682 0.0198925457313855
0.0343714071571199 0.0225743713740453
0.0301092140008977 0.0239371719213933
0.0165884670559411 0.0122400694936809
0.0293587226044818 0.015478539455654
0.0245740241320855 0.0149442565284796
0.0304298558203437 0.0160660171820015
0.0306475874527189 0.0194267594537983
0.0137721394493027 0.0135791235300722
0.0414352458320691 0.0252131676590106
0.0385925836836973 0.018462159588032
0.0288814202256675 0.0143512848244222
0.0185878127731533 0.0204123999287538
0.0112250977955697 0.0133547887583626
0.0265185719656948 0.0185971035620834
0.0257568754077197 0.015417822757136
0.00848709730943255 0.0067972868516863
0.0204518359559679 0.0122748671670762
0.0201966702683789 0.0126080940822139
0.0159772401881018 0.0121162270871469
0.0231533096462598 0.0226785834425161
0.0402188272610921 0.0208102575251703
0.0205414625780764 0.0199074193760058
0.0172731668600703 0.0148652356187641
0.0184386433991466 0.0104756624418834
0.0184612007545117 0.0147560642252507
0.0178603934425611 0.0150978630369486
0.0218364212690072 0.0120111618128979
0.0439188400602309 0.0230717806960722
0.0318593740978729 0.0297614382652999
0.0307948714889644 0.0184417100590048
0.028323220530358 0.0209337198484281
0.0265609086277878 0.0192842096575695
0.0234880368039054 0.0242239016854123
0.0168467776664047 0.016316832200682
0.0238195660460322 0.012524522586867
0.00865808966286204 0.00829009011845519
0.0131303722628386 0.0170485255962143
0.0184694944603091 0.0135641519118026
0.0210907742471867 0.0165653041983123
0.0397000413273795 0.0245075167284775
0.0148487305631825 0.014879992713053
0.0234566828801834 0.0127853849022987
0.027165214653625 0.017115198484131
0.0155745130089525 0.0163696150528107
0.0302754780627811 0.0243253807811728
0.0204873870854193 0.0125613456028516
0.0182812000793757 0.015823786037015
0.0219430709425954 0.0181737010568415
0.0322325847673718 0.0131393370292718
0.0170914395198143 0.0107064469787637
0.0273392354703412 0.0148269151516795
0.0165790278932618 0.0118910115697953
0.0243645180614263 0.0147856876428953
0.0174346900125557 0.0133258568143666
0.00792418462181339 0.00943967616921375
0.0351349207271354 0.0116912005992873
0.0137646448157059 0.00887359149706178
0.0272895223976727 0.0136997820676349
0.0325404088668975 0.0137737565313702
0.0237970162263412 0.0192763782699403
0.0336773667815748 0.0194168164046182
0.0134492126783172 0.0126510129282777
0.0190489611534643 0.0129506108430271
0.0362103041983281 0.0164182639594752
0.0154571505716874 0.013438904674412
0.0216438895165196 0.0115491211178069
0.023578644039035 0.0164977622298292
0.0199825228568131 0.0107651700464295
0.0705957380551125 0.0230155363885668
0.0274371421676879 0.0150246593404008
0.0126879293580815 0.0108090974325585
0.0345473309055521 0.0266233138187166
0.0290444546098902 0.00979616123429543
0.01666385329091 0.0170233302054303
0.0234247643208842 0.0186778045837045
0.0333328748654849 0.0131198291965885
0.0134271021291247 0.0128384239332117
0.0249682442874624 0.010496064246924
0.0315456266746689 0.0173699878239349
0.0179865281602031 0.015940900453651
0.0146445704288846 0.020950519034888
0.0364345740805392 0.014087180354027
0.0246647780199462 0.0164508338293041
0.0451975062559854 0.0124997585001018
0.0352648567277524 0.012074152609451
0.0254551050311915 0.0137594332021713
0.0207549057676115 0.0118598116798947
0.0173212162549775 0.014236349727377
0.0206071335922296 0.0136163941234969
0.0263025681393238 0.014625055123928
0.02642635468585 0.0105127365812768
0.0300435671059967 0.0162061843303236
0.034958896155863 0.016714618068645
0.0210696833963249 0.0110161406787836
0.014159229668939 0.0101289769190282
0.018870431916899 0.0129645330168275
0.0279809975689688 0.0168576264985533
0.019663638593809 0.0162364752568347
0.0343031461211413 0.015215779552389
0.0210514927168082 0.0131521818838695
0.0372883395861897 0.0163422772170116
0.0276320073477142 0.0159603935583844
0.0247936690642664 0.0182880730675681
0.0489321677041821 0.0199745706349758
0.0234499547500092 0.0151886153534032
0.0223952133414155 0.00986234386036398
0.022633938148592 0.0180976551761568
0.0105980923373637 0.0143267989356516
0.0231949701280475 0.0139200459190934
0.0178843819732731 0.0183903947126897
0.0332690145815348 0.0143308474408465
0.0360488070122727 0.0165504361869678
0.0131626885646097 0.013844313728547
0.0213408948327925 0.0134678290405008
0.0172022380230464 0.0194073480495654
0.0197060386667607 0.0198126400033679
0.0266198636458314 0.016819872657379
0.02054040343733 0.00765777245721306
0.0267971131551604 0.0172063163108919
0.0151353078230989 0.0123556764980663
0.0243042483165583 0.0146962347508933
0.0265262683182375 0.0196638156485887
0.0224854946267211 0.0198913084228525
0.0447808283581591 0.0225480742332577
0.0154714093431766 0.0144776569956564
0.0201861680376867 0.0160374097910884
0.0420774528166575 0.0203398786080746
0.0227714494939734 0.0192923629894595
0.0233971826067875 0.0166865320296047
0.044024598797988 0.0193267365099654
0.021405721735662 0.0146319729376634
0.021093621680053 0.016710920831821
0.0302470087305028 0.0201365107784347
0.0271557523740247 0.0249422444349607
0.0461620126705311 0.0209239800154385
0.0146042876239254 0.0146606920850787
0.024852342236499 0.014567649476255
0.0380037085664126 0.0118991420626378
0.0185059601338735 0.0151182709745842
0.0200326063555918 0.016640190848535
0.0240648592048332 0.0215959163659295
0.0194227599693263 0.0107876793921775
0.0203037372702394 0.0162196193313397
0.0283551014793049 0.0186799481467983
0.0190201946005847 0.0177583873089794
0.0149118704792145 0.0153611337233871
0.0261230482196493 0.0178567809222072
0.0265839806143698 0.0163607449831299
0.0203895261756312 0.017278755122694
0.0205208170213486 0.0169493565638938
0.0180939737057307 0.0120408127979482
0.0171707088247366 0.0186631309659489
0.0301762465601104 0.0160032237567251
0.00843122988081421 0.00494746222556478
0.0141373862666922 0.0114264958728797
0.0209127011944282 0.0144300536496903
0.0304902275395547 0.0119696432402565
0.0209991787864152 0.0110676180247117
0.0478968112854216 0.0223991888929195
0.0143350534530368 0.0112272457286563
0.011957166201309 0.0119117344482191
0.0200012911036612 0.0124265802815607
0.0188822321147089 0.0108138425847146
0.0211927954908078 0.0229688531961446
0.0252250488681397 0.0226102544675644
0.0238439204097344 0.0145525089335343
0.0289167702242587 0.0208915651719978
0.0278819418678718 0.0160796553596496
0.0270479866974522 0.0189493321421378
0.0340353919846708 0.0202530092914839
0.0162044742340694 0.0160471633963419
0.0208702557484519 0.0117354804813618
0.0146429788089296 0.0120695035854781
0.0157472933871172 0.00876533013004902
0.0204212027619078 0.0116444522931896
0.0114121687719294 0.0108872630969743
0.0475689782667088 0.0198624421512663
0.0780500247210029 0.028892768627464
0.00636929501693962 0.00868349793559849
0.0160307173912158 0.0144276870165208
0.0215907067388539 0.0161736009966366
0.0177832503245203 0.0112845847139736
0.0117620527646037 0.00811412805336328
0.0513073919263156 0.0236871759214384
0.0324662668921051 0.0166124578192264
0.0213701878760994 0.0114844136558843
0.0201210689855961 0.0139110889075645
0.0387913699496845 0.0225360006738132
0.0108186098405183 0.00680007548096925
0.0206530297288573 0.0185482459891018
0.0210304782599285 0.0126552212490188
0.0225372126738436 0.0217520762720768
0.0242330741851916 0.0123889662638243
0.017898063642484 0.017759041118807
0.0103790196920317 0.0123881190860306
0.0175050499438947 0.0143323417656069
0.0240414797248366 0.0172754481828394
0.0144713925572535 0.01441974492802
0.0121771132817575 0.0124384007038781
0.0295588812011399 0.0270032753608412
0.0203664250918401 0.0149119840477956
0.0362871248862097 0.0278163227659117
0.0215421696630132 0.0150013969034912
0.0097691547073372 0.0114924917727353
0.0277425328288958 0.0121550991736814
0.0176716570652116 0.0124409523599761
0.0217585569043636 0.0163695005948473
0.0250955601426689 0.0173092835772441
0.0205031041783481 0.0164179956616959
0.0187061422946761 0.0097362054609316
0.0159452638106341 0.0180149226841387
0.0200780990007211 0.0151386898584478
0.0363827512058992 0.029229298071943
0.0185846157348474 0.0164818329771294
0.0496210083289349 0.0162075338408819
0.0596738665695464 0.0226282913060775
0.0288337512341818 0.0223755729817805
0.0215538114077206 0.012796317583865
0.0200260187097558 0.0172806958340907
0.0381831190675894 0.0264685809686227
0.0136917800626066 0.0140462147921923
0.0304344867099992 0.0184990922020739
0.0212297885996473 0.0106909733835393
0.0169687017546339 0.00653764160523111
0.0222317920761825 0.0166168780168852
0.029421022314955 0.0146667836560195
0.0172316177004475 0.0138561088313758
0.0258776926085234 0.0144309151839702
0.0100775299529854 0.0111113405830392
0.0220306295036113 0.0140239323036554
0.0353163327289948 0.0247144873226848
0.0191265172354329 0.0139366318681134
0.0441136085520593 0.022258644934591
0.0242962192862088 0.0181411067134358
0.0197180704956707 0.0163349605937612
0.0118047470545619 0.0116319853691968
0.0161816928849234 0.0110252113665486
0.0252388351657643 0.0199738083399531
0.013738124857593 0.0125965145569619
0.020610392240057 0.00961179508096474
0.0205711555462059 0.0178748601276134
0.0152577652297476 0.0107537636748831
0.00864735922546378 0.00748718621558909
0.0476100313101009 0.0214419066937718
0.0239495679330101 0.0222678240141364
0.0323161657374786 0.0200299774199424
0.044276412721345 0.0218454625543852
0.0226161300571715 0.0154302090294071
0.0143348132508615 0.0107073717139136
0.00936967535018569 0.010329765117422
0.0425424942943845 0.0168254518945133
0.0131263868733464 0.0154774793899707
0.0177769396775832 0.0115730820795655
0.0329738046327934 0.0170884919614527
0.0338634870028082 0.0151574846570999
0.0132863631444024 0.00891351797700452
0.0215353048800999 0.0101854225618219
0.0202598163580238 0.014922869690977
0.0310934722590609 0.0208726377017036
0.0205108746742538 0.0111620766191993
0.0229556716545857 0.0101481329807271
0.0145389898048298 0.013440713183824
0.0195533176146574 0.0122504567383035
0.0141057034061 0.0125544862447957
0.0186052141620069 0.0201690047639965
0.0236746271423298 0.00949824867288946
0.0308765061537444 0.0195981816303057
0.0203502421174484 0.0148541528232959
0.0129784589773859 0.0117949884535613
0.0204340192654863 0.0160407633584248
0.0258021746576867 0.0191793262713896
0.0168781220175345 0.0149959897203648
0.0169474708665473 0.0124430625391465
0.0249731139631101 0.0169543700526074
0.0299791628459488 0.018409880247459
0.0199880289086536 0.0208458295537488
0.0211842761487765 0.0141592038697023
0.0322465317914244 0.0154574640196806
0.0192703694013741 0.0252673046064427
0.0287369000610046 0.0226992068964351
0.038588520797559 0.0170655303377719
0.0152044664670032 0.0165208249531639
0.014793622477202 0.0176440879921463
0.013852140197582 0.00750484860652242
0.0204981999095303 0.0132183348594565
0.0373953477978765 0.0141605086093587
0.0339449126547529 0.0237000263781729
0.0212352497647976 0.0220641380818749
0.0215920415951217 0.0153552001169774
0.020803013709212 0.0210477679930722
0.0200378179715269 0.0180899832230711
0.024246138369608 0.0143877905326291
0.0259168073408603 0.0119636079015195
0.0234814253182049 0.0119702580237086
0.0245007653907996 0.014507210826185
0.0227014586189172 0.0172541044185024
0.0257874156014385 0.019357247536873
0.0161698261180435 0.0111190042260466
0.0193756646769994 0.0139507308053848
0.0290253039334973 0.0201177802958068
0.01760887068828 0.0103413798785629
0.0138810932841165 0.0145362683224788
0.00988676458050521 0.0100207121935525
0.0284979012589767 0.0124533269209966
0.0260035708398847 0.0173214489416133
0.0191694937838013 0.012645742153859
0.0335750894603873 0.0269507720105622
0.0232185270006167 0.0164689393167127
0.0525171708594768 0.0208629498590514
0.0148106423286957 0.0149592116281505
0.011696673355939 0.0120335032106311
0.0189404617596505 0.0148663103394582
0.0179483827831385 0.0119671294692232
0.027805960382433 0.0145390445871738
0.0198424937130308 0.0183990454490165
0.0113877135691513 0.0170183974125289
0.0183957289690872 0.0187582974620117
0.0184587416191554 0.0127678396319842
0.0365279658483398 0.028263539443738
0.00511098484427863 0.0102096542778408
0.0596228215584229 0.0173627233417939
0.0311865157226667 0.0101790110845364
0.0209952134873458 0.0150250923530823
0.0574747074900465 0.0236647600271466
0.0103529186666543 0.0164174352665145
0.0239921864694527 0.0211818780088306
0.013112090393283 0.0111911419995105
0.0194897073961125 0.0177390415958885
0.016823475907033 0.0115542913411736
0.0247420115531689 0.0145929640855735
0.0253836775077054 0.0189859838469005
0.0205767257330942 0.0188661330733391
0.029942394229662 0.0158746682804846
0.030645551528904 0.0102825044462477
0.00741989174434732 0.0105852822329525
0.0226096037006045 0.017065502025661
0.0415193906743802 0.0187871008346043
0.0169472616515804 0.0126923666891439
0.0342439351819376 0.0211605105648996
0.0134640554705849 0.0216259536190451
0.019029192574889 0.00891364226412508
0.0199923553840359 0.0141082633523666
0.0225007846948423 0.0123924743104007
0.0209260922332133 0.0139337351311625
0.0287345602301697 0.014691387817614
0.0405679355631333 0.0193176427222713
0.0159975408741551 0.0160225803113414
0.0264923028703213 0.0206070219360921
0.0100555926885489 0.00741093596830235
0.0182565086194111 0.0173940445024403
0.0289493313226885 0.0183351433807898
0.0207957828091356 0.0107884890169083
0.020195667121343 0.0135603373941733
0.0322420226674799 0.0165374396809007
0.0199912032409447 0.0159811142403855
0.0267544217816169 0.0252820269838941
0.029081338553011 0.0184129534913748
0.0546554127714823 0.0246676992867759
0.0188271991628917 0.0110541814122958
0.0168403376468103 0.015395690623671
0.0108039486248158 0.0107679464504986
0.0210998272560437 0.011207263418408
0.0108471372950571 0.0107911808538146
0.0311961300547717 0.0153197129062235
0.0167541916878384 0.0188638581902854
0.0263948541780307 0.0142542095268662
0.03272625000973 0.0195332190663422
0.0195593426215255 0.0145071093174038
0.019285248524421 0.0121864108212395
0.0368340592313054 0.0262725756433863
0.0396921722110379 0.0310901875613067
0.0376618837978968 0.0197514777570121
0.0227256392839265 0.0213067892685124
0.0265129249134594 0.0202375614751675
0.0119872149035399 0.0107942114788392
0.0133002967774639 0.0175432944559935
0.0288082692498906 0.0159295374222706
0.0325782714097783 0.0100655895643791
0.0373274541891667 0.0170094537587482
0.0169855299482071 0.014786988181182
0.0223419124350385 0.0146806773925976
0.0266757576924187 0.0157113415718236
0.0624032568613982 0.0286966145936674
0.042282234317433 0.0137664388713475
0.0164727547158168 0.0153251500959802
0.0270867211378768 0.0200503581819836
0.0154764720462792 0.013690310931921
0.0128576347585233 0.0131571503476504
0.0178736402886081 0.00978512147308131
0.0100460863141276 0.0104248302243659
0.0303853404767612 0.0135693902230999
0.0285341161298344 0.0168647147986795
0.0248308132304625 0.0188088351712567
0.0323148694944623 0.0124956745583519
0.0280650698425304 0.0320123592142507
0.0176146020502921 0.0112914811297952
0.0369100724322215 0.0182932246463215
0.0406589229825643 0.0200046063475495
0.0312157624681474 0.0187537911488371
0.0113306599137862 0.00889358819949432
0.0236985773984675 0.01788778627714
0.0167963626781794 0.0121086890958472
0.027732116467252 0.020287317219514
0.0503918238533741 0.0175666755600169
0.0329755731895672 0.0202335520738877
0.0121206109987774 0.0142215443326159
0.0299730616255965 0.0279592978269356
0.0126371543391134 0.00887880869526532
0.0107372024250322 0.00913981178811807
0.0336854806964104 0.0228734046977687
0.0266365216747307 0.0160401237466075
0.0317295124128018 0.00810198179182918
0.0167805356573067 0.0133300215330008
0.0213959095316516 0.0213185341798261
0.0151691997316632 0.0149807441328153
0.0199665027733437 0.0156889413982088
0.0294051449267428 0.0233592805962914
0.0154267235889909 0.0142151517004008
0.0111410795878577 0.0123833361577687
0.00840398557138065 0.0111657862602629
0.0160344976491109 0.0174363439090067
0.0253404681195994 0.00980104264058298
0.0228723011781249 0.00786063511179494
0.0257391654962462 0.0158869858340754
0.0135868124124016 0.0166908999479736
0.0169234422130859 0.0159043200324584
0.0180150413528383 0.0135534711405903
0.0433867479896488 0.0166288600368981
0.0269675666730761 0.0116379068292856
0.0151527229964807 0.0100045414485772
0.0340410893424251 0.0234160088479616
0.0397636177320822 0.0221415397601344
0.0159535216227607 0.0126507059301313
0.0356902140370525 0.019250570188024
0.0152747637214432 0.0164566477367148
0.02029980290323 0.0127702309960668
0.0261170607557007 0.0223497379672836
0.0339532263998573 0.0182675050663274
0.0111468397950395 0.0127417229095115
0.0143737342143459 0.0108017396159793
0.0186916686615312 0.0142907954072883
0.0166016383545156 0.0117943156956409
0.0141666653534324 0.0049882395953372
0.0176633007513776 0.0146749932072823
0.0437613257088212 0.019371978052139
0.0226600812748249 0.0127270950293835
0.0146899676842172 0.013033267023031
0.0224653573495674 0.0135999524667662
0.0231846056763062 0.0121638222029177
0.00956468630177027 0.00920756029878332
0.0231546255978818 0.0141625860737385
0.0188214404956218 0.0158100198245054
0.0259936252319211 0.0141632258491283
0.0168416048501407 0.0265546151853001
0.00986070078168134 0.0105655420605169
0.0273639021284524 0.0139349969428276
0.026885588166627 0.0265798328369787
0.0123648853617273 0.00994522360951649
0.0471885262269595 0.0179611656231638
0.0272134866625893 0.0172793775593298
0.0299086059021657 0.0176916929198466
0.038544930261832 0.0270926428788512
0.0338853718447038 0.0181707870500289
0.0331010832070793 0.0265370175437701
0.0129384865970364 0.00937439319443102
0.0479174001904525 0.0297113341544186
0.0213772771150359 0.0206634788322125
0.00994097727945228 0.0107850510138826
0.0192566251754341 0.00931701244934849
0.0293305025027846 0.0176452314774965
0.0157736527080132 0.0180116339588334
0.0126390577174841 0.0108951729287934
0.0165194756935248 0.0119929521491153
0.046543805795291 0.0150669733635381
0.0150513904029623 0.0152910064742698
0.00738485535247413 0.0114534239483617
0.0255093437368994 0.0127706109913404
0.0106166114920337 0.00852720237677816
0.0219707311085204 0.0158435285402756
0.0154189107420742 0.0101208948663894
0.0277010721890028 0.0114793776497248
0.0126999220453541 0.0121950448101234
0.0304056442354593 0.0136429714279602
0.017618109150327 0.0135786005990405
0.014766495660561 0.0105726570066522
0.041187506540477 0.015600203897058
0.026572290802759 0.0153793402986289
0.0277703286572122 0.0169277394544466
0.0164714603899768 0.0207398595688719
0.0502055713851019 0.0244943408478957
0.0227424071767102 0.0134463254675826
0.0304607183287085 0.0209359162266248
0.0294370318909942 0.013762983790802
0.0281885709100866 0.013150665379836
0.0313561128935378 0.0182797768916318
0.00920410795847621 0.0144749805335483
0.0247723932765581 0.0208060817168981
0.0234643779876175 0.0133190907425287
0.0187456511461209 0.00973610476263516
0.0107597207043833 0.0177456953631288
0.0384574842615162 0.0269773310106488
0.0162808876385246 0.0117332348153654
0.0244674009217146 0.0223900059245466
0.0169783451030274 0.00812710656141431
0.0301283169466922 0.0164507772256477
0.0166051361350399 0.0118448770579518
0.0237037590138642 0.0154403155301907
0.0189331167566946 0.0176140024582157
0.0204641069721101 0.0132914536063217
0.0226493977574943 0.015000028605418
0.0172189551011774 0.0110853422013255
0.014103328682862 0.0179014958165888
0.0255523915326748 0.018379876621631
0.0287868947544176 0.0184616073918876
0.0519182888925292 0.0188685471684145
0.0255882077563273 0.0148344075194767
0.0290302977116406 0.017281529269186
0.0179462633864513 0.0153739376766649
0.0254780736151919 0.016614906393296
0.0187723569037099 0.0113610796575613
0.0319352445598484 0.0137782330714364
0.0275691352112743 0.0153998171306213
0.0179058267166949 0.0124390047762969
0.0249141827971547 0.0158588951443547
0.0149609674412291 0.0115848051709338
0.0175901371606856 0.0130557335630804
0.0353113848444887 0.0234256045353086
0.0226395116735388 0.0144183574462167
0.0266791617757948 0.0184822795301097
0.0366237310662445 0.0156790168729038
0.0279342219695859 0.0123028930575492
0.0168654902653497 0.0234514069019358
0.0420094664120469 0.0231389144902403
0.0322126546059467 0.0137572783327711
0.023952792577991 0.0126034227046506
0.0316351733544179 0.0167211201011717
0.0196763900482125 0.0134136980768065
0.0117734665092857 0.0132880117317372
0.0203399977145202 0.0179415551882102
0.017805398829991 0.00871352142595184
0.0139745541440755 0.0142045035509956
0.0215904829620302 0.0149542793277187
0.0287688274365689 0.0149522753195965
0.0150071158219911 0.0153010361843062
0.0154143168712618 0.0119437209899087
0.0101601457404319 0.011246034366204
0.0244007437006109 0.0128542007914009
0.0322573540502458 0.0173603157594797
0.0224520921829481 0.0135902193078434
0.0372542943843165 0.0199371906569814
0.0460799282588919 0.0199164359807779
0.0222813302347981 0.0272605604042782
0.0138243112693062 0.0153759608092294
0.0206039685638964 0.0156416375081158
0.00915629722725647 0.0134413870670367
0.0124242058517105 0.00916099641324295
0.0243397717375373 0.0200455115742566
0.0255055041437387 0.0142228932606037
0.0370450741323509 0.0165342604036957
0.010832974207806 0.00803001636438465
0.0198681869995803 0.0133624209546185
0.0242665964997631 0.0134837230173958
0.0171526889551808 0.0163591937534156
0.0139898376790728 0.0149868870998934
0.0122380247459602 0.0138523161650768
0.0429067089177133 0.0128751034515988
0.0122193574679855 0.0110419669454531
0.0160331512660932 0.0110632443344586
0.0391468940740076 0.0198918766743996
0.0583144080979218 0.0181745410502092
0.0170137185818169 0.0159032175688334
0.0507539791521254 0.0184958281345969
0.0134568140140592 0.00686094562261177
0.0174421626000105 0.0153530055880669
0.0190777753821512 0.0125937195306169
0.0303322045223795 0.013172475273605
0.0136644580828504 0.00922018655917497
0.0240471028859521 0.0176274212321555
0.0333669017468706 0.011694658005364
0.0224229390135615 0.022397739501845
0.0247416891575674 0.0129403267860556
0.0100834393573578 0.0091489842724228
0.0300469198452717 0.0155448818946434
0.0158498315711475 0.0190867129551857
0.031067259823102 0.0164677876357874
0.0433112033297031 0.0230182986307431
0.0587883151570705 0.0188745482986747
0.0185342189459077 0.0231338525266956
0.0364198920837285 0.0168251299928622
0.0361271967725635 0.0244372926722772
0.014588103567353 0.00999579072711133
0.0208674817980881 0.0116165586903542
0.0216902268359589 0.0189778472105799
0.0354402224067039 0.0197679377563753
0.0181101334360586 0.0179708359336475
0.0251961709282497 0.0194911708622185
0.0286107692700237 0.0165014332996627
0.0352612843086043 0.0126975113770723
0.028229262505026 0.0184208133214377
0.0223735449634327 0.0202349548459897
0.01554585628805 0.0132495369349069
0.0484638735292527 0.0210370357886666
0.0232618871713676 0.017131941147415
0.0270040449024466 0.0253713765648597
0.0154948218224126 0.0100620920480416
0.0146941415622985 0.00935565558056497
0.0130761984941175 0.00927960813639387
0.0231068548215941 0.0173557459682494
0.0130363133948109 0.0159042140821035
0.0272890576329336 0.0121263635741449
0.020998578661674 0.015073177089308
0.0237271206836761 0.0128975541049416
0.0352206743328865 0.0146728649463419
0.0278596205861007 0.0158674410372048
0.0119487941353977 0.0100913088564213
0.0209251098664422 0.0137341215517803
0.0242419549489719 0.020951652357143
0.0154929863182464 0.00976352287788776
0.0167900011148948 0.0106158226043656
0.0194415804811737 0.0118800389576115
0.0144478997628697 0.0122186855911822
0.0131553121890756 0.00886317103583707
0.0262729942917334 0.0159367599328162
0.0230302541618607 0.0148994578219481
0.0333541315281693 0.0175203945596654
0.0296554425000787 0.0158699676140183
0.0216717033021582 0.017520604640719
0.0156050454380043 0.0116114306639571
0.0357491538126937 0.0172858619575317
0.0157665303871207 0.0155608599568239
0.0110095901573545 0.00742192438948645
0.0155956411193156 0.0122164928529132
0.0133995160840248 0.0131064527206588
0.0158678899820043 0.0167972438396571
0.033623725712609 0.0230560579576138
0.0143798475164801 0.0126475085351461
0.0192023297621584 0.0165368795232191
0.0347157285165528 0.0199140775612405
0.0208734744852881 0.0210388951619822
0.0455680224805856 0.0155137509850643
0.025562533875789 0.0183363219790865
0.0171453611439071 0.0172827731548726
0.0215024811721545 0.0127647375368194
0.021921913691694 0.0187349726876541
0.0341028073740792 0.0187507035121021
0.0186733480913237 0.0175578513213548
0.0134111550406437 0.0171959967364489
0.0129128241521499 0.0135696381502778
0.0177297476377605 0.0142012338734996
0.0237445920192973 0.0183296113608376
0.0133125773885319 0.0129980950021058
0.0163827372787376 0.0233857649875111
0.0250600682648871 0.0224826313108309
0.0424833672725239 0.0165995570426083
0.0372046627419453 0.0228697686031854
0.0259270624693991 0.0141522965184407
0.0412201018164246 0.0220675209809813
0.0147513791165638 0.0132994459985245
0.0263939215898612 0.0109376484118095
0.023109758197271 0.0123067929459338
0.0136131987192472 0.0212993129340437
0.0262794242700235 0.0176651127082482
0.0510683786484931 0.0198548623529985
0.0140694996021786 0.012552147915802
0.0281749016484406 0.0152777680560933
0.025642289362987 0.0129337698814977
0.0147408804840108 0.0179823887232048
0.0385423035661154 0.0149003418251857
0.0204919765265758 0.0125977126912687
0.0139333080619913 0.0145637816450426
0.0290004257575915 0.0221965062882121
0.0139565651048616 0.0186905731504768
0.018495261932054 0.0208006249710236
0.0207083676134084 0.0155234860255097
0.0277087421500691 0.0156650577007616
0.0127168509824563 0.0145251365456815
0.0450821359496056 0.0251114726018054
0.038882798406467 0.0216835578435602
0.0168862271682389 0.0118724866274434
0.0557085178128922 0.0214555754083251
0.0229690421377466 0.0124839764718559
0.0193475383214792 0.0142552995143897
0.0167342265881132 0.0102220647372655
0.016049446426766 0.0167906904835983
0.00781997514452491 0.0103864198111097
0.0214218752988122 0.0143629100094925
0.0424215884577616 0.0197527800642318
0.0473663926499268 0.0221520587302548
0.0136890090071022 0.0110588554784671
0.0198532213799396 0.0162146177892662
0.0179568876898286 0.0157783802582022
0.0240640416031168 0.0139541426216605
0.0187332455576264 0.014213847127628
0.0237336534498289 0.0113110161671437
0.0350825831060941 0.0285565515823087
0.0352019079293972 0.0162871690334416
0.0279236913844169 0.0183345270801411
0.0201189873513348 0.0189260469356725
0.0284447775855517 0.0168915261012529
0.0276639120602497 0.0153474390291484
0.0364138701712108 0.0185970193366593
0.0295970294502371 0.0219942109195912
0.0272367968191496 0.0111250685175415
0.0185234452670167 0.0142510162286612
0.0328195694715768 0.0111612270947651
0.004882419188878 0.0111506470065429
0.0547905315432419 0.024620117688482
0.0263830809224115 0.0116242985457183
0.0210819245837577 0.0143047424787972
0.0276786824106346 0.0240360964784663
0.0218015523291299 0.0171261034292094
0.0186427632311714 0.0107177067500666
0.0105727416274776 0.00822620674191682
0.0250232741268161 0.0157681725155892
0.0253164916522911 0.0163429361221606
0.0174742288499408 0.00917677611444116
0.0120309580073932 0.0124534248558081
0.0153805190839417 0.0165455639240528
0.029033371530106 0.0136884701400747
0.0219933514482427 0.0128659918643282
0.0196452424092239 0.0138093111122035
0.0231883570026547 0.0170645472086001
0.0192514247272618 0.0182655778370971
0.0448431915133357 0.017753392941233
0.0143712375993133 0.0144994071334812
0.0353312230018147 0.0238200812970959
0.0268758257530096 0.0220445424981188
0.024232047664608 0.0118012049061982
0.0277428478845335 0.0194289875037595
0.0226685530847769 0.0140610898726334
0.0227605769473787 0.0139015940291712
0.0149264062026741 0.0126316865236076
0.0190865624162795 0.0125229284090531
0.0336173820305406 0.0177350349429662
0.0172883137811605 0.0128944272942971
0.0234659458637387 0.0188226453446116
0.0204407067648927 0.0184705687199519
0.0727315177819375 0.018753007036165
0.027428692354295 0.0109739236361434
0.0219418860249856 0.0155026568341911
0.0330091064554241 0.0168446044758548
0.0222499282713072 0.0116458808527774
0.0461960982926864 0.0208221220837514
0.0349713754851373 0.018766604312455
0.0219594735839127 0.0143998345522278
0.0166173963469625 0.0134472809860287
0.0353911735431388 0.0151202306523496
0.0364381518307514 0.0252608815670316
0.0123940138742971 0.0114616231311712
0.0191165917935445 0.0154394300899598
0.00852622051550486 0.0146228562350751
0.0181798648942501 0.0105626335435258
0.0244228890289922 0.0133183302455296
0.01985501323199 0.0144393794452837
0.0112496887548786 0.0100609079900299
0.0325952364434923 0.0108525211898976
0.010838116525328 0.0106434854693811
0.0100849546123655 0.00948028585341496
0.0237238471278086 0.0201276350965796
0.0188371117547628 0.0140922257667121
0.0201257816954267 0.0184269006342694
0.0165411113606415 0.0144950791868376
0.0174941517987786 0.00899890991539765
0.0150450817010308 0.0215165609019723
0.0150440318299024 0.0169863635830035
0.0193858505350354 0.0142753085292068
0.0132828597505347 0.0178607454321341
0.0175908655577413 0.0128494830884248
