0.0164337200686415
0.0127041343805052
0.0262967899691979
0.0104043983603262
0.0114121638390872
0.0224710273667121
0.0154056115019603
0.0210979643074995
0.0153700342360767
0.0265396892111781
0.0250794644777038
0.0148610660555874
0.0181365677327856
0.0186683828575284
0.0117137637531757
0.0132325518302754
0.0139171198279238
0.0103096712310896
0.0142963839442379
0.0122651684554931
0.00745857621765587
0.00841214891155983
0.0169327117076941
0.0181698184258323
0.0243383549227728
0.0197033614622418
0.0231252616030887
0.0105097817352766
0.0213060097976095
0.0123664910786186
0.0225845815050539
0.0164353299552557
0.0169982562091912
0.0142428488714189
0.0110090873932
0.0213252210052716
0.01316847981625
0.0253227958466803
0.0197467202915849
0.0184002015553125
0.0244415198570502
0.0141439065990871
0.020576059359639
0.0168760321384325
0.01632094499241
0.0113219284683291
0.0165806449521874
0.0153714670935639
0.0153193197262224
0.0162779251066176
0.0170892324713349
0.0221797248668433
0.0136267770501142
0.0152613620708995
0.0298132184724298
0.0140019416120703
0.0227534483950723
0.0258566228041302
0.0233470763474115
0.0151624706286292
0.0277267830372081
0.022013927916951
0.0127546433392166
0.0142825189091048
0.0217929690227676
0.0196129133274042
0.0265739189306634
0.0165091436692132
0.0132505206441359
0.0219522896273515
0.0122549796034402
0.0164961383762063
0.0292778533072295
0.00793570375980531
0.0223286781706066
0.0187523970981747
0.013270165159193
0.0211971443181303
0.0215162954921695
0.0242560960030362
0.0134975394864497
0.0136073185033754
0.00780794238244111
0.017594517125184
0.0173609732230581
0.01276245299831
0.013171065889847
0.0161924183437791
0.015221641139685
0.0168353358923916
0.0128453279964751
0.0169563064797353
0.0261595633804376
0.0122049152014507
0.0166839581713068
0.0118185928831625
0.0188316615784892
0.0170836223855956
0.0163626202287569
0.0185127998622295
0.0106284480493628
0.0147802981900651
0.0115301062340137
0.0160042102163691
0.0136814580327523
0.0171005883315806
0.0146280846042074
0.0115287921841566
0.0158043732031343
0.0112770919620007
0.0156346393650212
0.0140225255312116
0.017362408383018
0.013546978302336
0.014589069026739
0.0111586043044383
0.0309906618815464
0.0095898235971319
0.0220662940130816
0.0119724102172473
0.0159280246098595
0.0168741241315167
0.0132872746327406
0.0175900953733205
0.0132912632636374
0.0156400684719185
0.0220318260269602
0.01696654395663
0.0190296423284532
0.0140341846550225
0.0144998282504507
0.0115621277363961
0.0178029510630506
0.0175429154035112
0.0136440075539975
0.0204828534877489
0.0296471835382344
0.0100235532335941
0.012425024475118
0.0199929905675122
0.0239122940293534
0.0124768743238291
0.0157000184350058
0.011793723234295
0.0145029517007333
0.0150875762770017
0.0147454868035222
0.0126726858967589
0.0167742506081204
0.0170680244406716
0.0157617192610803
0.014038957261291
0.0181279248635185
0.0194870990680751
0.0191167607959478
0.0225612982976911
0.0127270388680275
0.0171682037372388
0.0165555349521311
0.0180660041926137
0.0157212333049597
0.0167889543012401
0.0118553730724878
0.00739194252206453
0.0143206004577013
0.0136469236278735
0.0124517251185661
0.0111223480641928
0.0163612064154774
0.018557008972148
0.0162560993184596
0.0179495058128209
0.0150113569572723
0.0169366345110137
0.00980889558540183
0.0085724207988045
0.0220273095629226
0.0157413403831772
0.0176848836596376
0.0170747967770952
0.0143837494317629
0.01247742462834
0.0161583389705101
0.0164873122598758
0.0118472702917625
0.0138104063212603
0.0176667277806272
0.0138106638693748
0.0120025203360104
0.0174821837680596
0.00992970308168516
0.0202818453039707
0.0187356765804428
0.00991787019036033
0.0187110021181013
0.0184810714731287
0.0257058433970933
0.0121057455670782
0.00857845714404864
0.0107541137148016
0.0138730563181107
0.0092120698235102
0.0154034907943549
0.0127224010207648
0.0149191555432671
0.017770271815363
0.0221229974232396
0.01476773046044
0.0215643094117
0.0172459355334519
0.0167736700651923
0.0236443033255914
0.0147072465600461
0.0178203395325495
0.0195630961949689
0.00953966084909862
0.0126145541220132
0.0126703177895946
0.0151803984299603
0.0259415534276391
0.0149248365699993
0.0186264315023721
0.0141393876421733
0.0274895552110998
0.0144689461546879
0.0153758940311384
0.0183891187325373
0.0150933552487492
0.0140998995288058
0.0152657599743056
0.0163123769054114
0.00873806963593962
0.0166577945724613
0.017402256005811
0.0143436909751595
0.0210337567070417
0.0106321901693641
0.0103978031330681
0.0214089206831014
0.0201900077182029
0.0230550414504099
0.0109541674682064
0.0148857186519951
0.00681482560683442
0.00999451907800811
0.0145215188215772
0.0197774515995695
0.0123410460143466
0.0141059880887215
0.010401552398744
0.0126451848138519
0.0157144892273263
0.0173228286138396
0.0261430274347899
0.019918535743396
0.0133194435746167
0.0148134555698838
0.0195899577024258
0.0195715028028772
0.0148135998612518
0.0228616743460264
0.0100731873675973
0.0137471086186818
0.0129091766351398
0.0136247743907622
0.0162757965907788
0.013729076828953
0.0280555805530174
0.0250602136145787
0.0141457527054306
0.0106140832495353
0.0121007261604849
0.0161776622480832
0.0174772774438489
0.0135712382110738
0.0128003098893417
0.0107951939654672
0.0411009645241947
0.012884545897473
0.0217440329843127
0.0256934812330153
0.0229406007160316
0.0189281505022355
0.0213177818308499
0.0145220006384811
0.0190530756349119
0.0302654919384726
0.0134721193116754
0.0157961183564252
0.00947311217022546
0.0209390631585726
0.0108193294445617
0.0238593028690176
0.00645837171733317
0.0217525904824253
0.0172720645408531
0.0107415729707891
0.0116983887340093
0.008208802061861
0.011165334176737
0.011830949528628
0.0160522748309649
0.0169106886032624
0.0254939252366123
0.0205000805477148
0.0139196826503153
0.0156125017104665
0.0119112542821035
0.0174489804169437
0.0156993920971231
0.0188367507506091
0.016930538900081
0.0126562943733498
0.0207253205881978
0.011268160976713
0.00996235502563749
0.0321125517008051
0.0168031284976358
0.0142767848203841
0.0193992533437384
0.0239973128582022
0.0156325253201721
0.0337928911520713
0.0173303818970275
0.0105211515272611
0.0179935874318245
0.0164383451716498
0.0233210587091296
0.0121317112528217
0.0130034817379232
0.0134799728188163
0.00982966633863035
0.0153977607420491
0.015846032173812
0.0117168492522526
0.0192688605871217
0.0179971787372507
0.0143253234329398
0.015671372478729
0.0190917403074346
0.0233086028786302
0.0174162785130648
0.0153581228130968
0.0161133822426645
0.0169909461531658
0.013941067572206
0.0202637114679479
0.0151919566879549
0.0133892551018187
0.0244110698602159
0.0242095007981642
0.0162986361748843
0.0149930618938997
0.019946236039053
0.0203919486850111
0.0182632524270259
0.0231300008734842
0.0130207398558427
0.0125585521862325
0.00887455291186759
0.0137678375562539
0.0178337364933455
0.0328830409386342
0.01241185661799
0.0137862831448961
0.0214009147091362
0.0169242727513033
0.0160803708091328
0.0154187751985432
0.014327788800328
0.0167653564787482
0.0204456544613016
0.0191308933413607
0.0203473256398212
0.0163770968820551
0.0173098229608186
0.0117425545754564
0.0109683296165398
0.0136501321254679
0.0237150976349676
0.0225864681890153
0.0126752235394826
0.0270467210440163
0.0175791230167729
0.0200638058151635
0.0162806753000191
0.0127050452748537
0.0259375568811653
0.0244658365010089
0.0139057917127418
0.0199648559257997
0.0201758193861211
0.0183277080456687
0.0147406015016758
0.0193320740111274
0.016004545432751
0.0136402031508105
0.0126376342258703
0.0156187946210832
0.0213942289367698
0.0150754445155667
0.0123461081095904
0.024231536368624
0.0185156982462059
0.0298269377828364
0.014587455342941
0.0233822476442006
0.0153376942530878
0.01621039514356
0.0272963370163428
0.0155401600923488
0.0133028565657638
0.0192825623144228
0.0127520561984958
0.0153745476132734
0.00990934691343321
0.0202864487975243
0.0206457103705916
0.0189130955059894
0.0136027527470638
0.0249660364452186
0.0162356888994182
0.0180618185028427
0.0142978180305288
0.0216899892497162
0.0162671205712581
0.0161442757050863
0.0213813412009083
0.0140343171089162
0.0155911723893282
0.0155610895060429
0.0119076950021672
0.0169000573260786
0.0125913172543464
0.0232391687800397
0.0168662454701538
0.0208344470032039
0.0196474788838334
0.0135914117242236
0.019955138332532
0.0101267052243862
0.012830836596676
0.0109107876371237
0.0141547691942994
0.0105776159168417
0.0144994600084632
0.0142141207206236
0.0204844429104666
0.0154089573731782
0.0138368057370835
0.0158441713033399
0.0105971083108562
0.0148123542158502
0.0113494377023375
0.0210332304001007
0.0183754206849255
0.0172546011063523
0.0113775443608321
0.0127675851267483
0.0217622945357595
0.0190504762150496
0.0111002079568972
0.0175204710585312
0.0187144069795631
0.0174767667683498
0.0113547098016862
0.023816029914191
0.0086333793220824
0.0107575927108897
0.0209504718657698
0.0147221150404753
0.0145938867745058
0.00988181612479251
0.0152559217950396
0.0148194878734108
0.0126548597763455
0.0153908779481022
0.0219475416824086
0.0105491197220226
0.0131893303099178
0.0126611750933621
0.0168041895029175
0.0168452733031912
0.0221674303068387
0.0127145122262475
0.0151146499496595
0.0129996091988145
0.0104788737388414
0.0115334761552996
0.0266131637620814
0.0173963248340825
0.018568370433877
0.0147312397283218
0.0203759244155993
0.0177612563840804
0.0169489691504541
0.0105349002945515
0.0138899622723724
0.029232883447494
0.0242133001633687
0.0254672639586451
0.0164777713592945
0.0128151789187355
0.0131294438105432
0.0159972136313198
0.0130817468220264
0.0143468257976693
0.0152687717716869
0.0158953972881433
0.0106671992660317
0.011722386198325
0.0164371506481309
0.0151284102828537
0.0174239380390244
0.0302506602850394
0.0152751304421071
0.0154272008309612
0.0124367583155367
0.0153890486394815
0.0140967423976684
0.0261695034154031
0.015687119234831
0.0301327091259885
0.0151774428284498
0.019657488879774
0.0102074770812991
0.0221967068248119
0.0173430454245714
0.0252814860363046
0.0290035060169096
0.0205036074605427
0.0179495704872463
0.0125926231677928
0.0132282108777592
0.0147537406186334
0.0280330526942595
0.0151152033180484
0.0121342983695351
0.0185742937057366
0.0190816511627793
0.0193179652893104
0.0196772012832021
0.0112772364339923
0.0126197999254127
0.0143853928152056
0.0178677371066171
0.010024226408579
0.0104427001588931
0.0163325114304488
0.0145506435869823
0.0185535299033288
0.0174334977546258
0.00997829383547894
0.00820957307102254
0.0233950541490256
0.0161750238722209
0.0103440921295215
0.0141266206292677
0.0123791440261903
0.0166807187814019
0.0171067536206141
0.0118728626240812
0.025851433271831
0.0174185701031943
0.0127053179880192
0.0157391774236005
0.0135589054893434
0.0185135105165648
0.0149876352102126
0.0113462204145488
0.0170445439168394
0.0182847197206492
0.018842211342997
0.0204783644149187
0.0151829047355801
0.0185435568142119
0.0130099070797671
0.0125664299909595
0.0175537374367789
0.0133898367736726
0.0159481604226908
0.0109391902647009
0.0239705136029856
0.0176115796610552
0.0130470391927747
0.023340722244812
0.0232505159774128
0.0214638084309807
0.0128351812056271
0.0273396524994811
0.00794408938685804
0.0238627335372659
0.0167062302153952
0.0178550185921216
0.0143801164494651
0.0152750900825111
0.0208315236083947
0.0215166427619854
0.0134535364779162
0.0191062291480049
0.0168077639981602
0.0106540865276972
0.0218160389432846
0.0135929880911688
0.0203217302301084
0.014121424196038
0.0183934364111995
0.0260128073135
0.0143525443492426
0.0143336637148871
0.023359791197691
0.0154121387922462
0.0238398570329111
0.0152167598123957
0.013713125344871
0.0138901062787379
0.0189126477021773
0.00997733870625895
0.0222892153012153
0.0141191198304026
0.00876628719194898
0.0179908662281172
0.0141380890251373
0.0238982722620578
0.017968647598029
0.0195864040260073
0.0172845324641343
0.0147762482095374
0.0154078735454677
0.010542336622664
0.0246681467655689
0.00851890527467263
0.018218310555735
0.0232723185038207
0.0214656338328999
0.0202053333140544
0.0170255125648685
0.0189993358107272
0.0165441802249174
0.0226696411610806
0.0172182270984524
0.0131128704086843
0.0157736749978492
0.00932731980142603
0.0125632562252458
0.0254200959324825
0.0138289502179903
0.0145006739854253
0.0117063752467318
0.00954966865639309
0.0210564747759626
0.0176125717686965
0.0205536101922249
0.00989572409434449
0.0142051275652466
0.0123192845630894
0.0245740279979575
0.0119415695918732
0.0152501757909466
0.0233708996510294
0.0147455886960041
0.0114628231982289
0.0137950022425551
0.010523895499417
0.0139043734542895
0.0207676494159661
0.0174058111687424
0.019244869475197
0.0176559557012635
0.014456835669433
0.0247920213089418
0.0148626182570541
0.0175021928114462
0.0253218897537135
0.0128998303386765
0.0124160029785333
0.0152560519176065
0.0131276182533668
0.0194838930127861
0.0166347877904889
0.022838828447806
0.0192065976993865
0.0125902625357994
0.0162524507629167
0.0171647485144459
0.016313035735852
0.0104029660191148
0.0114527243200227
0.0215252241668897
0.0218198306216856
0.0196027783123907
0.0138943907747939
0.0201944898153072
0.0202918942817382
0.00942157145793241
0.0217274452824857
0.0108121953475291
0.0174456286908093
0.0169805974443615
0.0200925896062762
0.0135435574855807
0.0198017519793345
0.0149929650045434
0.0196678278519367
0.0175808837013565
0.0133140465219646
0.0138265345036627
0.017570550907207
0.0156312158843704
0.0181263274611237
0.015047001909177
0.0300003510636274
0.0172066755614364
0.011005720885028
0.0339123895314302
0.0178296081953625
0.0108098295839795
0.018387345399215
0.0180375761043112
0.0107535726801946
0.0136120609278697
0.019469667479298
0.0116533062742658
0.0205428178663433
0.0186783470223246
0.0144036933141278
0.0192001749464177
0.0253900104689854
0.0168124634106652
0.00552930303003332
0.0130624693850662
0.00940626590779885
0.0103851658033976
0.0246848738076289
0.0188578478879504
0.0174272373409178
0.0197159322817578
0.0160390975814564
0.0249143105733283
0.0147293166856188
0.0138496156347021
0.0128784713792095
0.0178545298587509
0.0162622823536953
0.0158050857045151
0.0237836996495216
0.0209383094169263
0.0186360933551462
0.015962606598782
0.0154277096958276
0.018561309889871
0.0217455704018076
0.0124809253604451
0.0121860405794073
0.0138552169767672
0.0194766648301019
0.0107224267942571
0.0111107605865125
0.015551304599872
0.0181052374911014
0.0133131522277515
0.0205240036206789
0.018238078873096
0.0172856587182265
0.0190988025025397
0.0196155252268567
0.00969653124494074
0.0151181113754333
0.02240216311197
0.0143980620301819
0.0104352604593558
0.0273079738284963
0.0162539136662911
0.0178316797985665
0.0136141391401795
0.0122123386755036
0.0142362253495925
0.0143385439231238
0.0148017665195465
0.0168505574586726
0.0184017221652702
0.0179782995966065
0.0175689679975995
0.0156697035818877
0.0177944691449285
0.0229370471176955
0.01807007697392
0.00677861403112905
0.0160490398555554
0.0135901859495303
0.0193404972448795
0.0115602140212023
0.0150133248601765
0.00819562109739912
0.0204300361995033
0.0221446943076147
0.0103136370241677
0.0111777867338679
0.0184834044531454
0.0179215116729086
0.0213644059899965
0.00942283897622608
0.0163975249468704
0.0123510959971327
0.0112102152774276
0.0134219207251273
0.0126061704465948
0.0149089475308073
0.0119907861702144
0.0165861511878749
0.0157694438462757
0.0156064988566449
0.0216279234110357
0.0146637091624094
0.01329262951784
0.0148206944061257
0.01757311374883
0.0119360939713909
0.0161318786828942
0.0309569891452168
0.0190098416989448
0.0149275258444254
0.0184355409615826
0.0133614493844513
0.0156539095777478
0.0173816196763965
0.0234812584235191
0.016209442252318
0.0181222148229945
0.0115491084105508
0.0119151464059223
0.025509431536007
0.0232661093835679
0.0121247720874593
0.0110434209455494
0.0246059973224153
0.014546397213599
0.0187043757280446
0.0206420838890901
0.0125742279208364
0.0229203472793778
0.0185656050365188
0.00921417303685
0.0173852915300158
0.0192296703175323
0.0126664080461438
0.015827393302535
0.014601740078832
0.0195536299896449
0.00753441888891805
0.0126482680639856
0.0140666224348208
0.0245940045767695
0.016806876960708
0.0200799291939167
0.0146852564392156
0.0226426040198727
0.022659731153361
0.0160389750055129
0.0147851834297707
0.0146587151635132
0.0151392916027195
0.0133220664149112
0.0177642059906393
0.018970362396663
0.0349032485822174
0.0195161419473272
0.00772554657919603
0.018527749586436
0.0187646118685081
0.0132932625367045
0.0124464676823843
0.0206084275397304
0.0131750318896179
0.00934494278259982
0.0200086918888421
0.0119471444420135
0.0101466350833659
0.011703151858257
0.0133047149652021
0.0108970017894685
0.0117250034198617
0.0180619277542685
0.0120450603465651
0.0171449434691339
0.0104082225541014
0.0157173897527015
0.0164070738064195
0.013914914899444
0.0184312718506769
0.0201394921681138
0.023375779380149
0.0116945031922385
0.0120118727856576
0.0244526133152334
0.0184321871506274
0.0237194966659672
0.0105186869286507
0.0166552594406873
0.0192831525714258
0.0131057399155342
0.0194065975792538
0.0212193319965545
0.0154536741539604
0.0119762162444092
0.0174743149518058
0.00988004261833704
0.012093195808182
0.0202438004098922
0.0147317796687446
0.0251040987568313
0.0158073372077115
0.0201971066715538
0.0170470970216743
0.0113364619679361
0.0138866684494308
0.017995708750886
0.022106330664025
0.014858904429085
0.0148803633757778
0.0136375107468542
0.0126583581019999
0.00860566572306869
0.0126325801519901
0.0146782752774866
0.0256320034864892
0.0103367091485889
0.0129318133638371
0.0178815560242816
0.0182738119671953
0.0145539288874998
0.0133191793548117
0.0155720850604195
0.023971314533524
0.0269482803731081
0.0120933316155758
0.012022706787247
0.0176842474505112
0.0278441214891008
0.0179520473196069
0.0149358910515897
0.027135441041157
0.0157507422998134
0.0134937358778338
0.0131926834628829
0.0171001509488142
0.0127691992288368
0.0180528483358835
0.0187310135238598
0.010080801774256
0.0137716664174278
0.0193187110089226
0.0130598186057803
0.0120010877365183
0.0175156823525611
0.0214972540479087
0.0145654747820985
0.018991738947314
0.0112403057488187
0.015820026310768
0.0207162829715279
0.0191516092048885
0.0155249270179473
0.0132732551247939
0.0181501834063543
0.016645722336109
0.0189171059125418
0.0144387441564966
0.0146980104839451
0.018910736115818
0.0177820752978315
0.0105432867013035
0.0190397146602178
0.0210485618944431
0.0111713437756477
0.0171531540177349
0.0168714457712126
0.0160541530059283
0.0159079817369252
0.0156560905574448
0.0173976544955123
0.0152982754093227
0.0108491414751303
0.00993114804250833
0.0111387397317214
0.0144676690755247
0.0131592160849152
0.0155441014839603
0.0131095672530569
0.0153696525019021
0.0185319706549284
0.0145057344454004
0.0226947202965865
0.018044568168365
0.0180439597411984
0.0101948225649242
0.0124964898796581
0.0169412063508075
0.0207813530724027
0.0167934707090811
0.01569458301871
0.0132906659735239
0.0157115494555541
0.0160274101070225
0.0191400606960455
0.0142219170806665
0.0159129466482752
0.0181626387837345
0.0170873421137543
0.0134292260955494
0.00859045205571048
0.014470252542974
0.0143420057049749
0.0289619708187085
0.0313648293549016
0.0171295340609179
0.0102559020874168
0.0103449753342327
0.0154579431417742
0.0193951354907214
0.0143689338223347
0.0149651744802827
0.0205488706825621
0.0162123762388669
0.0174018713143313
0.0233567652864263
0.0248416189649707
0.0163161353107855
0.0202311115048578
0.02855695808021
0.0150344436364141
0.0204536486651054
0.0144875968904213
0.0093223431275593
0.0331501581734245
0.0205881037892501
0.0140735187958767
0.0157117394093058
0.0134169940888022
0.0161202479400786
0.0129727273419523
0.0230358536742679
0.0146131500627604
0.0187431369253597
0.0119156282276733
0.0207212541935739
0.0195425809458038
0.0175219019405352
0.0122430960058855
0.0122621158234439
0.0158685100321069
0.0117521966136335
0.0111813523117542
0.0220525993957348
0.0154513989986185
0.0164978665920975
0.0158137224115996
0.0182691211402044
0.0287342331237387
0.00999862543832429
0.0250578440198952
0.0146568518435016
0.0154570037207353
0.0196789434925465
0.0207298407796268
0.0161162657792615
0.0115138181119446
0.0204095065450637
0.0144420225399343
0.0115255105031977
0.021971102527584
0.00964556006372043
0.0184011281687129
0.0167244407678862
0.0235105491613776
0.0181397454343994
0.0150885567075644
0.0245037812513483
0.013343707780931
0.0196066459020385
0.014306568535842
0.00859888215395874
0.0184742213306216
0.0216853421660726
0.0158027998264193
0.0302995615848506
0.0154554014808523
0.0162632799775021
0.0175512232088529
0.0117130626397364
0.016436507610228
0.0139568732861887
0.0177210599862753
0.0223638383577909
0.0137289842888342
0.0165131428750233
0.0201695073615468
0.00894358547425202
0.0144365799520721
0.0153690460948507
0.014756225128491
0.0100119336745947
0.0134095984678524
0.0143618483696246
0.0119329463594179
0.0141423933626235
0.0138487154704615
0.019439948293513
0.0222365482557054
0.0144991413449744
0.0118536329590842
0.0251313506709527
0.0202839998860693
0.0119994118616235
0.0136431787030608
0.00840989272462909
0.0101380106427658
0.024430350011966
0.0101645243341189
0.0136699511444487
0.0133223392950381
0.015304667245764
0.022862616409902
0.0162196479917794
0.0133840181949493
0.0222087543999963
0.0135350528500161
0.0102945241694695
0.0215404441885585
0.0154733704051683
0.0116480133998565
0.0178162615359969
0.0217870481159838
0.014027944689867
0.0161898481120348
0.0155034893988662
0.0143331274624027
0.0156103900608482
0.0142143552176713
0.0204114783025333
0.0191060318187958
0.0137608522190622
0.0271488107039266
0.0145681565903662
0.0143731784386258
0.0209951388652055
0.011395793269859
0.00800284481668971
0.0133330316750146
0.0148674578941252
0.0146005319270417
0.011366459504102
0.0151729050947428
0.0138866985366361
0.0179567977898055
0.00696996300347401
0.0196198896108954
0.0161458454802002
0.0137850241222427
0.022184799810231
0.020305650308786
0.0120981148161732
0.0150670979764299
0.0160006291068611
0.0224710784606034
0.0201154989228873
0.0173148403432315
0.0160563539778772
0.025255870783906
0.01717645888392
0.0100271464276409
0.0186190275180643
0.0177690047911381
0.0185309182041505
0.012920541507315
0.0174698988555994
0.0124551553069538
0.0113174903913682
0.0163017634411567
0.0224793973019679
0.00991770181300299
0.0153269017013859
0.0199519202110298
0.0092013723590134
0.0185790388197362
0.0156017524332818
0.0129320805763753
0.0168091704483032
0.0196761373023983
0.0212419590711397
0.017863169334861
0.0321257520325821
0.0147868542386774
0.0130229508194369
0.0153459293789003
0.0189832077349671
0.0155416437021334
0.0152771132697212
0.0147599144759814
0.0199219887428765
0.0100992718694859
0.0183790644882284
0.0121725277618144
0.0108231752032797
0.014540171734792
0.0173946586819788
0.0138380482028634
0.0146287125258934
0.0215491606665752
0.0109513190599994
0.0168310528061962
0.0179301356249024
0.013650352605946
0.0175626329218077
0.0139024702487714
0.0249360352786182
0.0144087849403849
0.0165032998540604
0.019864953785882
0.0130472621849437
0.00840954633455924
0.0181315084823551
0.0160513278562391
0.0203170548609811
0.0184176104310002
0.0216901102917668
0.0165610136355422
0.0124535778150987
0.0130184846507358
0.0178137733446399
0.018047978179757
0.0205405263062756
0.0180833114087489
0.0277889583935254
0.0186123811668032
0.0180437588351749
0.0152302554662714
0.0132401023884
0.026001872538357
0.0147214892532271
0.0293390852233053
0.0171280673870798
0.0180103039925146
0.0211849936032985
0.0166297045305597
0.0192526401212854
0.0131461924638648
0.00885964458164444
0.0179870649434338
0.0145830816259527
0.0161351223610237
0.0150642101343428
0.0185559947673981
0.0144159363637619
0.0199481833576756
0.00991107559878763
0.0121328461641393
0.0122654937811391
0.0174507538015478
0.0230915699862585
0.0165264386665121
0.0150886994837878
0.0202128275682065
0.0172421172354362
0.024369327603167
0.010233853203913
0.0125185577868636
0.00880747972520177
0.0177251404015855
0.0134933462217407
0.0122140450246338
0.0276295895769459
0.0112116739308267
0.0157867347971113
0.0139326345891782
0.0224665093788425
0.0228073409043636
0.0132135744561759
0.0201121620760567
0.0191329297187705
0.00964140448336117
0.0134484887434625
0.0128344851906294
0.0109314463876852
0.0146613813597601
0.0151382421130583
0.0171796287751124
0.0169593334634425
0.00721146386727979
0.0130661869201518
0.0168925913173915
0.0247293174417524
0.0205000249887004
0.0197312375712415
0.0185871362272218
0.0108338401361139
0.0137698396892505
0.0155604834039399
0.0130247061211624
0.0118267242096795
0.026608265605046
0.0130119090734499
0.0163893810678034
0.0235501998832199
0.0112144856235918
0.013193748154093
0.0255681221643198
0.0197363087863127
0.00819123618318079
0.011313535413107
0.0198421860846057
0.0155491097795193
0.0197986582388951
0.0124849701309198
0.0120988978675096
0.0184277254364111
0.0190520799032097
0.0176302837814782
0.0130191748248608
0.0139936016482725
0.0192967557709562
0.0138437133977912
0.0131604283420177
0.020382295902662
0.0170166135251034
0.0165427699148284
0.0115744232876541
0.0165561526194035
0.0145083421162114
0.0202353414637477
0.0154685629519145
0.0127409172338172
0.0150466704349225
0.0132838646738328
0.0173508181982267
0.0120745222624278
0.0144103093110179
0.0146419734997892
0.0149563340972241
0.0156912463286017
0.0167523837851846
0.0165537153829207
0.0164336267829001
0.0115530252613984
0.00918036176897815
0.010908524282307
0.0181536298605301
0.0179502649395969
0.0120858915304182
0.00818450115541839
0.0167999669041863
0.0116148799512961
0.0173023688005003
0.0153332790873788
0.0246018995193743
0.0139083957751516
0.0199337376025648
0.017085202841424
0.0124468699236534
0.0171219897442693
0.0146551520416708
0.0238502072342197
0.0152536526842693
0.016035025543184
0.0260491280535443
0.0179375277732325
0.0175183024047195
0.015097416314919
0.0121017527962262
0.011626681455248
0.0144856488316811
0.0180704680538705
0.0127580144073478
0.0154573834507355
0.0161123563695004
0.0187789252105844
0.0127187349197597
0.0184831770018516
0.0168299452768825
0.0139594048105186
0.0128563656545772
0.0173227331885898
0.0138778761016555
0.0165880933564685
0.013312488449299
0.00615629517405871
0.0155978716555454
0.0118086854702589
0.0209083870143728
0.00760555422087808
0.0264077801408846
0.014922949452652
0.0253881923869236
0.0155091343169275
0.016529832307944
0.0199137383232496
0.0227561969584567
0.0180680952386054
0.0263503055990626
0.0151180864506586
0.0234120067121605
0.016577834924019
0.016580406657939
0.0134804384734232
0.019888723269743
0.0190494540331549
0.012321973221571
0.0155039048695051
0.0222941105820333
0.0213928034928124
0.0123505921498619
0.0128247210308084
0.0199845930012744
0.010925144548004
0.00992439679666284
0.019423947597552
0.0180925420336066
0.0146379534838325
0.0126473389871665
0.0149083843859308
0.00781724778928427
0.0131794974902654
0.0111401029913475
0.0171977588954837
0.016068135209317
0.0142680608435882
0.0216435914844562
0.0126012009279988
0.0221909370937092
0.0104708892258148
0.012517507550061
0.0269312618253743
0.0131391556301574
0.0247570944294577
0.0136216420274922
0.0100988813688592
0.0113050188142218
0.0111055836177771
0.0189275441482142
0.0173336417003204
0.0134558417305612
0.0105461256416886
0.0169605746553303
0.0195022210950284
0.019873793617332
0.0183975141337923
0.0176983235024213
0.0271231311711624
0.0181136078484518
0.0176818786517913
0.015908766528251
0.0147599656687605
0.0153017609877008
0.0206084904820402
0.0147071690108733
0.00911954400394257
0.0128671387324707
0.0131396740698894
0.0168232409316398
0.0221241622500532
0.0107355966042225
0.023337132583756
0.0295273161805279
0.0179724471645928
0.0255787455422062
0.020166949960234
0.0104659016840482
0.0133076661879601
0.00980705019014014
0.0195528723665487
0.0123838190721359
0.00736589657801639
0.0264019064287826
0.0137894199786695
0.0128842139817122
0.0295352814961242
0.0214935579845427
0.0138959944620174
0.0218167706582359
0.0226292649575906
0.0167959677291858
0.0174892266064711
0.0129230759414356
0.0176481480159694
0.0193165532002475
0.017582034006933
0.0186049364844401
0.00820142112694301
0.0140189390405175
0.01360020424709
0.0191401254284623
0.0131270351958138
0.0129139819437618
0.0182948170384029
0.0101896834541713
0.0146018658368316
0.0231017724260225
0.0137039376610966
0.0123492108842039
0.0156667397002418
0.00915015602087958
0.0215238137637164
0.0135403056681908
0.017296424640206
0.0111495428098553
0.0150792288169061
0.015603988524142
0.0183712991541686
0.0137103907327938
0.0101170617827555
0.0170033233643165
0.022647700597451
0.0163962096398433
0.0227139221914537
0.0127473000087347
0.0134492024862329
0.0123832076569597
0.0152380749501785
0.021141548696146
0.0162132434294118
0.0259958093718289
0.0218074100822254
0.0206071699011144
0.0145137534313861
0.0136260627987607
0.0139376142521974
0.0111905576725303
0.011237110486702
0.0199208760408253
0.0208750148722581
0.0128856449800032
0.0160097368205045
0.0115240640380444
0.0159223129032297
0.00867701291978262
0.0170538751971931
0.0084379986208884
0.0159661102169286
0.0171420053314151
0.0148679281550215
0.0205599439047307
0.0159464453002406
0.0174607548232714
0.0178465688825638
0.0133213601096408
0.0154735495842855
0.0222292730781057
0.0209542368231429
0.0187876064846522
0.0163305881769092
0.0223627844391699
0.0137098130396117
0.0123782266720123
0.0136470911685107
0.0144161373714443
0.0148971766669503
0.0160302235139513
0.0191509160139851
0.0127900445764175
0.0199831363568393
0.0162207438635095
0.0156852688793825
0.0270829319928093
0.0188669305541837
0.0198257841070853
0.0130556518731281
0.012627688475226
0.0173178584475411
0.0157505385664913
0.00988956123011444
0.0191450489921475
0.0196855370459272
0.0136592470705036
0.0166706527338887
0.0133282639738831
0.0114878041519602
0.0230296099021826
0.0181790662174756
0.0130890539400582
0.0392863530314874
0.0105185461342648
0.0179495449234718
0.00973160483605224
0.0123844484867771
0.0159081258180113
0.0135490463624668
0.0284747322675393
0.0315374366135292
0.0141019429377137
0.0234998157498407
0.0109801293688817
0.011306289336717
0.0143840258356159
0.0132269218988321
0.0110184521547405
0.015831956654246
0.0176325037324724
0.0156780285501892
0.0184195723263733
0.0170814651922763
0.0172977182924908
0.0191983544510914
0.0179338936919653
0.0117072640893416
0.0161889713389203
0.0239212304699682
0.0101286888677155
0.020106003288977
0.0235700677232643
0.012603000747459
0.0120266205371326
0.0189708595754499
0.0165616716530492
0.0137783466029566
0.0196233771909699
0.0117663567490873
0.0169614346703742
0.0131162555725895
0.0138186770349828
0.0121228344955868
0.00926642659758744
0.0101121169470954
0.0130471548560456
0.0182686360341457
0.011274654233433
0.00845337886692323
0.0315822204206533
0.0136711701443801
0.0224693677454026
0.0264926967625604
0.0192449214926199
0.0120347151858772
0.0161158986861227
0.0165584538371126
0.0191142274475271
0.0114090561794588
0.0159696469464578
0.0185780380626017
0.0225071482871974
0.0124519878063655
0.0141900196189151
0.0205401112234418
0.024205086678558
0.0114066229427547
0.0138640168799446
0.024160705385148
0.015206884077585
0.00997594925159926
0.0217035502350718
0.0125193441946484
0.0124274376095856
0.0163140606360039
0.0232566979368745
0.0098084668721867
0.0107889501106597
0.0169148069930175
0.0246537737097179
0.0161413796905588
0.0120747725548172
0.0189615615695165
0.0129633062057469
0.00848591196931843
0.0188102468170171
0.0211181910400281
0.0159498383222336
0.0201649246934681
0.0184910259900174
0.0112162790517788
0.0175255453883454
0.0182500276749931
0.011416317991932
0.0143131213925733
0.0134123980533567
0.018878206931965
0.0123420108141684
0.0228576823765814
0.0194314627314249
0.0181523287890166
0.0164879243145681
0.0176608426497156
0.0185524184076796
0.00811329920395007
0.0142185100462715
0.0164689354727374
0.0148465432357714
0.021995152467023
0.0125957290252408
0.0187684134487849
0.0190754935593578
0.0108743593552378
0.0169608169822704
0.0170960004016331
0.0121708706520623
0.0243900569319312
0.012923609401077
0.0228544266565152
0.0152579643256386
0.0241951464869056
0.0190715217559719
0.0130678553614363
0.0137809520634077
0.0188345956079665
0.0158688916919015
0.00884515583539658
0.0157770327803973
0.0240368361094131
0.0175639031603749
0.0121866924050218
0.0200114315984023
0.0109343402287443
0.0189165200942361
0.0111834184995734
0.0113388163352263
0.0194248262140965
0.0129643418424383
0.0133164570955799
0.00758320943651805
0.0180884563027003
0.0159938642662678
0.0181490177384959
0.0188388128643237
0.0191649040893254
0.012722354595695
0.0129774820993346
0.0146918941628241
0.010412289836536
0.017999026743239
0.0159223281959798
0.0162614482521768
0.0164155436803622
0.00769722197208458
0.0187422590216992
0.0138261766400312
0.0134235922647988
0.0233859949044275
0.00862306416713446
0.0159233983420879
0.0135359705771975
0.0124026253292792
0.0190020512482035
0.0174685118088658
0.014620561901041
0.0123649829759711
0.0311697365366973
0.0236000364697123
0.0218006546336638
0.0230276893020187
0.0125742408975157
0.0183622610335768
0.0103785984451443
0.0333708923472777
0.0112537543618877
0.0142942914512659
0.0194524424356207
0.014570721284252
0.0180576361394314
0.014424506763737
0.0193847647789784
0.0198248394608587
0.0138403360969762
0.0125046705186273
0.0231440787681219
0.0146332318005398
0.0322198900273952
0.0198230665773533
0.0129115482595361
0.0137401013017175
0.0131319987204581
0.0217851918129744
0.0198708437325973
0.0143012815829323
0.0126268911132004
0.0162726649981674
0.0153845452556737
0.0132072992623344
0.0240687165675577
0.0133804175074557
0.0127294436394371
0.0147437107803099
0.0190461137789607
0.014163732420792
0.0153121911993985
0.0196535592963436
0.0226922024304824
0.0224301313839755
0.0138802727836061
0.0132845197476079
0.0171063370533751
0.0208968535486981
0.0181109681881611
0.0213840323049834
0.0124538378185543
0.0131718368876775
0.0173383600762892
0.0166210416104177
0.0183679049253427
0.0166600500148091
0.0142515243420804
0.0168263276137287
0.0129148956468656
0.017980110028155
0.0186498567240864
0.0136818565384052
0.019098436208102
0.00738092443594626
0.0156430424940085
0.00878665535157829
0.0142149301944512
0.0106132444960921
0.0204514538259086
0.010454966280306
0.0253704456421935
0.0151783995888773
0.015774939233031
0.0142037323140461
0.020644909282169
0.0178194219727
0.0158928449910711
0.0105611624633672
0.0214854867748659
0.0176397219832452
0.0232990761521991
0.0146853270831185
0.00866740091520605
0.0187586159742952
0.0197803801720884
0.015693144364134
0.0154511706713796
0.015807365483376
0.0159077199097061
0.0284986743643935
0.0221561576143596
0.0136912258060494
0.0232445460489754
0.0197237354247221
0.0153648088607902
0.0099527441196104
0.00911807384176158
0.0119878227828068
0.018632069658323
0.0252113009624041
0.0129327364135754
0.0148780031583964
0.014589717428963
0.0125081601590627
0.015479664671984
0.0123467383820162
0.0192994401841996
0.0174111056446139
0.0116714509716147
0.0111165610658433
0.0159927358632105
0.0163804664351498
0.0102119571224333
0.0171488530391108
0.0179538803530694
0.0152448897155639
0.0176768761967688
0.0186515381355878
0.0147344668709531
0.0160889252443835
0.0173641338251121
0.0102490160235173
0.00816063387005936
0.0133338261204374
0.0193689569503773
0.022476874128592
0.0192378623212041
0.0134239910129107
0.0224357387307749
0.0172287091521536
0.01930061970107
0.0182019483613844
0.0152897643307419
0.0114849205080908
0.0185373360755535
0.019154351200249
0.0136713803252225
0.0179602598665743
0.0168021496072526
0.0144176184601357
0.0138744737471797
0.0119721662495315
0.0250674150045371
0.026458734884887
0.0107644917321561
0.025940650413823
0.0142207479039233
0.018049814555791
0.00912476725673499
0.017167908656126
0.0108119152918186
0.0160658990662124
0.0201988950692902
0.0179687219009098
0.0162870670324776
0.0139365168895555
0.0152550577288686
0.0208346652097141
0.0145918206750861
0.0145532002813011
0.0209534654356741
0.0258521612025426
0.0184774744021238
0.0221576029561843
0.0149936412510498
0.0145989848068621
0.0169707696955812
0.017818257254494
0.0192731309084272
0.0186390363855193
0.0195037737306233
0.0144827408716917
0.0118088782009215
0.0114550692006504
0.0158962685248045
0.0133642075587618
0.0223045038966879
0.0252758700837491
0.0183238511560597
0.0118178732728828
0.0154793275224563
0.0209363347460461
0.0145871578010374
0.0160645989188731
0.0171802972915529
0.0295893894022444
0.0130225791582401
0.0182717280376602
0.0182139520367923
0.023177041718597
0.0180896058899732
0.0196219098880605
0.0118172542865909
0.0126586000903998
0.0176263697090068
0.0110031732474725
0.0166344725564255
0.0198428275927141
0.0164824200674694
0.0198398705137823
0.0272771322064545
0.0239574408531982
0.0132886906984893
0.00782914648341828
0.0166960085706318
0.0183580284794306
0.0090174337197768
0.0128676369651335
0.0185034045228926
0.0169666612650842
0.0122964529037553
0.0121363732468678
0.0175232721483191
0.0190653714021717
0.0231129351447045
0.0157731199012178
0.0150371357656332
0.0236483437268187
0.013314344071351
0.0190608867115843
0.0152064956144354
0.014527616550636
0.0151830031779183
0.0199873400079769
0.0131004749726442
0.0131359738097166
0.0196874132111794
0.0169711142768402
0.0195352080402826
0.0140212675707978
0.0140546014731896
0.0222987395297498
0.0170177142873889
0.0183363290247893
0.0203488843056798
0.00946560847628084
0.0137973415824772
0.0165645142086409
0.0279076807536036
0.0120903379659429
0.0177495534714903
0.0173445681913305
0.0140548299239623
0.0189929617892783
0.0271103546138064
0.0068196031517856
0.0149873150240099
0.0127745994938442
0.0151289138749099
0.018246907415117
0.0206613792473235
0.015304454528335
0.0130587328316527
0.00707401461244195
0.0115006514535557
0.0150925045745276
0.0194620323974774
0.0151684323312899
0.0125060771179428
