3
4
3
5
12
29
12
4
6
5
22
4
5
16
11
9
4
5
5
5
6
4
10
66
4
6
4
8
4
12
14
3
5
5
8
10
9
8
16
38
3
5
47
15
9
3
3
5
7
7
9
4
7
4
5
3
2
3
3
9
11
28
21
7
4
17
8
5
6
5
4
4
1
6
20
13
11
7
8
19
5
22
8
18
6
9
5
4
6
6
19
17
5
3
11
26
3
12
7
7
11
8
21
6
8
4
4
31
11
3
6
14
10
3
11
6
12
5
14
6
5
5
7
3
6
3
3
6
8
2
4
10
6
11
51
11
2
11
3
15
4
56
8
3
4
27
3
8
18
3
10
7
19
6
3
3
5
16
8
4
16
5
58
3
3
2
34
13
4
3
8
2
5
9
10
3
4
4
19
6
8
8
7
8
10
3
8
1
14
2
5
8
7
3
7
9
5
3
3
3
2
2
43
8
4
40
7
4
3
60
7
9
3
3
10
6
2
9
4
8
4
4
2
2
3
4
5
5
5
32
11
3
8
4
3
2
3
5
9
3
6
4
5
25
7
6
5
20
4
5
3
54
6
32
20
6
4
6
3
7
3
6
4
4
20
17
16
3
12
27
31
5
48
5
3
3
10
6
6
5
4
8
37
8
3
8
7
4
4
3
10
20
3
3
10
4
5
20
3
29
5
3
2
15
7
25
3
30
42
21
57
41
3
3
5
13
5
5
20
5
34
4
4
4
6
8
27
14
5
5
54
34
22
