0.00988667673138771 0.00911977379268492
0.0120792127604911 0.0116285121637826
0.0272831366867014 0.0213695805160831
0.0139142686271384 0.0113575999829969
0.0200143862000105 0.0142893607887732
0.0189771892175357 0.019692536083202
0.0206515977920083 0.0262693151134597
0.0236401652896295 0.0230584700508021
0.0125229136675593 0.0135531407549777
0.0356239551461114 0.0226233739017862
0.0154758528393149 0.0182117528158079
0.012592977432261 0.0135022444301358
0.016807948906908 0.0123078394901186
0.0225222539866023 0.0178676115113791
0.0189286145470214 0.0208398273975624
0.0136417017916955 0.0171628093590405
0.0109132894022287 0.0123260423554962
0.0137988593769002 0.0196410324981848
0.0142537576919598 0.0123781910753439
0.0163534918964412 0.0136704816823591
0.00922902024151712 0.00694456656050186
0.0120964949493214 0.00704245873231158
0.0154528492527389 0.0141175043228608
0.0158957883689492 0.0120626251201039
0.0209812510914032 0.0125343877721124
0.0215284266492553 0.0135400569695902
0.0207271702757494 0.0207236830300266
0.0138598835934895 0.0123139692667824
0.0213113671216497 0.0143144550267902
0.0212322794270372 0.0165628788112826
0.0225564453386912 0.015088204863722
0.0261224576026695 0.0203273337343674
0.0132378534771414 0.0190847051337981
0.0195619175043036 0.0120681312747401
0.0106905354666169 0.00775811656449009
0.0218859654214119 0.0178094194877897
0.0158933057617858 0.00909336760742627
0.0171980667788475 0.0214230269559432
0.0154092831140848 0.015994771754097
0.0216698780995046 0.0243054182678692
0.0339829594759701 0.0195908324108911
0.0121958281672278 0.0139295503641581
0.0132525668880258 0.0134877483449263
0.0224276853365537 0.0215381438193462
0.0290131005114226 0.0141019606965167
0.0174378381308685 0.0105856196803612
0.0211237006248608 0.012530366656992
0.010416492921034 0.0144042678642307
0.0138069334879524 0.0166337255322062
0.0124859593123802 0.0114562542812433
0.013917546050451 0.0173142229904317
0.0327909622138835 0.0337969977296035
0.0148898077037102 0.0100403302097099
0.0157467743148319 0.0162660642757749
0.0316297641449952 0.0279168087473311
0.0147568778641389 0.0152315953387
0.0163034269357602 0.0168752220573479
0.0238953172370185 0.0226788972111832
0.0261886427645608 0.0217118688695296
0.0144697660023653 0.0115237122722538
0.0252757431986756 0.0224473696214499
0.0292050138502444 0.0153583330895288
0.0139469168241762 0.00987892468411964
0.0162270398402453 0.0159728365187118
0.0198908961345242 0.0176607371819412
0.0170355253873612 0.0150598285345668
0.0229765770917222 0.0250822633946467
0.015308054052699 0.0141154755858197
0.0264730669405649 0.0175796126681629
0.0256227172001499 0.0205615345706474
0.015621636233399 0.0150174600791666
0.0147706694116569 0.013807490648602
0.0161463722430275 0.0166870931713767
0.00920527180851408 0.00664136618042575
0.0115921318381582 0.012365719058754
0.0143679389533502 0.0114871239897762
0.0145587095403324 0.0123202849542629
0.0282827659895892 0.0188144117104353
0.0297586571425264 0.019405527749143
0.0181324722736687 0.0130483008282535
0.0142675910905384 0.0104115474181141
0.018213615357195 0.0168178076849534
0.0135474205268147 0.0123291109920913
0.0197556049682699 0.0324639018426458
0.0169962718592945 0.0137064960036896
0.0190683646466459 0.0131467101605552
0.0142072139438375 0.0226003627738804
0.0176491238033257 0.0199117123578173
0.0102447048819559 0.00839563059253117
0.0156219823199999 0.0203773559249681
0.0183753002356542 0.013541726127248
0.0138122179523189 0.0129371364693414
0.0275612767991337 0.0259674980403657
0.0115887699722829 0.0100232810254732
0.0223229085397524 0.0192410590413416
0.0171368857355008 0.0178789077691774
0.0214567477725346 0.0130618373416725
0.0142225910527994 0.012698158187512
0.0160517685787775 0.0112837583741031
0.0156546864653561 0.0206541115175928
0.0151058999807585 0.0121245507777808
0.0168244403897652 0.0151449679380204
0.0082612185348046 0.00950720882871446
0.00937740001058459 0.0120043725178861
0.014597764571104 0.0110127874365072
0.0222087203195204 0.025789742653634
0.0139462848042568 0.0146543671590048
0.0099749390359136 0.0128951286314302
0.013862176500776 0.0167387384229636
0.00939480355742733 0.0156617689974968
0.0102375531732009 0.0115338527840755
0.0136780644296477 0.0174399478091226
0.0181086491003437 0.0121775236868597
0.0179786919045033 0.0232537753352776
0.0290016490638534 0.0198313760856803
0.0140480894166757 0.0109911954747369
0.0219213896010606 0.0184235211464901
0.0172311847822339 0.0189773844752444
0.0132066713846001 0.0127596900264416
0.0259838660715497 0.0136467106677748
0.0302295583332187 0.0207285879427309
0.0162052706096169 0.0140291373761194
0.016358704783537 0.00841938451632956
0.0159071551230839 0.0168157856485562
0.0267781821159894 0.0223786581750896
0.0173845401927856 0.0139048199567341
0.0144474132923593 0.0125869791417807
0.0215750584041788 0.0192819494696471
0.021161068409164 0.015704290307358
0.0092260204302796 0.0075272102427472
0.0138717486016844 0.0103137655631454
0.0114093389589434 0.00855999890345335
0.0128137368602543 0.0109382071189452
0.0137814044188017 0.0102881953161507
0.00938723699671153 0.00976040589351718
0.0222553572065327 0.0154723525104999
0.0192309320369592 0.0154092911206042
0.0125678866634515 0.00886343196428831
0.0155995298868642 0.0103378521093022
0.020091720891377 0.0236832563597708
0.0253402348910135 0.0152533432312917
0.0228486291607846 0.00997869804606187
0.0196028124260004 0.0122871200853674
0.0153244187813357 0.0110554037711988
0.0122465834722648 0.0158277693766991
0.0164370606192431 0.017663868028103
0.0157269540664348 0.0140573304827495
0.0137111825552005 0.0155220974064307
0.0156105990439956 0.0131701189915154
0.0167338950886243 0.0188558823422349
0.0204464530689484 0.0173569215434423
0.0128357655782529 0.0137438788969131
0.0149385152203917 0.0161149380421194
0.0198577304602965 0.013624876936114
0.0163835767549057 0.0210400739726492
0.0262011854601234 0.0162504484442259
0.0139392165618484 0.0134586231645551
0.0211347161994918 0.0164608302080169
0.0125451688819558 0.0132214032449711
0.0206851348395658 0.0184010808728002
0.0136148167132865 0.0143471132699763
0.0117314427377022 0.0146395751790795
0.0127221824911192 0.0108144063852615
0.00934321116626198 0.0103531849853544
0.0172444621221857 0.0122729817149685
0.0182968811939295 0.0154261665364473
0.0170099535138769 0.0117546851590376
0.0181107721050249 0.0102401636914906
0.0248985809664462 0.0128055058162464
0.0138885631839409 0.0164597862761149
0.0102481323919085 0.0169890207131979
0.0207832220956477 0.0174616893357865
0.0151085223554498 0.0145358158252852
0.0247456836648595 0.0223452869343536
0.0100455878466352 0.0101218991894239
0.00990858598821306 0.0109355013488569
0.0193840102498543 0.0125131610872103
0.0159800851463467 0.0122413698615772
0.0207126550390765 0.0170570374803089
0.0263013360233548 0.0218551925114914
0.0123783935483221 0.0180495728177243
0.0118786799493219 0.013968904354132
0.0147617792805771 0.0107462198052914
0.00988713054115804 0.0112782265713675
0.0160091346245138 0.0130041685634361
0.014934537410089 0.0162261489796169
0.0218604333407617 0.0178004669692311
0.0107649994037544 0.0157025573700207
0.0138575275312061 0.0128531743758893
0.0186292419703775 0.0178521910577539
0.0137987554082804 0.0129026753020885
0.0196113480448582 0.0175896616874512
0.0243089108544216 0.017485968841714
0.0196947943782705 0.0146308480929663
0.0196798649675483 0.0123389588565704
0.018663420265623 0.0145902497990494
0.0161169665555938 0.0207442278582972
0.0145045692885273 0.0115519696249578
0.0107475616377905 0.00863534189519638
0.0152679739718716 0.0137581054552502
0.0130821785278558 0.0119810490311905
0.00863745705362742 0.0125462803315926
0.0134882812590763 0.0181399601520634
0.012062088941373 0.0139729388845446
0.0198472313218509 0.019051412749156
0.0150216756641262 0.0148683101444293
0.0290560668206289 0.0270595293993941
0.0127889984990179 0.0129060107650243
0.0311906622509538 0.0235514242367444
0.0170976665073919 0.0137268878823043
0.017250257717507 0.016481344693168
0.0184739088696918 0.0167456828777544
0.0227096018392175 0.0269882431633627
0.0173149620550965 0.016228606635539
0.0224575244527485 0.0198285832124976
0.0145377041495362 0.0105977091843734
0.0195270808610118 0.0160301654843983
0.0133543475345047 0.0168765473203303
0.0130115130862753 0.0159549797693563
0.02415885673459 0.0209872651523089
0.0199266411318958 0.0167211530533054
0.0183659298013789 0.0193576638562138
0.0123033385139292 0.0111089490236205
0.0211850706395182 0.0131854084389754
0.0239297327390437 0.0126145713427642
0.00973750012568443 0.0126349306968635
0.0156369205293837 0.0187924611862719
0.021334892893367 0.0153493833540335
0.0229835136640858 0.0164140322598197
0.018286494581267 0.0108639121174517
0.0156000911857778 0.00990959834922149
0.013218200333074 0.0119223164733652
0.0147483101253533 0.0124231241398581
0.0191957023281094 0.0154142243326371
0.0128619790934896 0.0160579632385329
0.0321460839357531 0.0255244233367995
0.00977330695516753 0.00902376782338142
0.0124437281440787 0.0096132556354045
0.0210140661004565 0.0235139643610443
0.0136814370941377 0.0116429371694933
0.0230971968581197 0.0199470923549723
0.00682008895217471 0.00922407485400712
0.0191582249815833 0.0120328318817294
0.0127050888817865 0.0104143053239128
0.0126495014743646 0.0150849789769102
0.021295631114255 0.0129723682111902
0.0160704142441524 0.0135149136113647
0.0209969811345368 0.00837387870151965
0.0171301233951903 0.00804736590325178
0.0120781415415888 0.0125703182160472
0.0155129350807584 0.0102069292655557
0.0168387797619346 0.0144114368350914
0.0162944848233763 0.0159478507647421
0.0277744145978091 0.0233930465689942
0.0205683172972207 0.0128109401112377
0.0226036654701816 0.0161680156776075
0.0209549054434872 0.0208423085031212
0.0197763401009423 0.0160789361793007
0.0108162715353533 0.011383908712706
0.0156750266080906 0.0130741012001092
0.0173080189630286 0.016919657577862
0.0239683034619654 0.0133866159704355
0.0153645149827968 0.016624957692507
0.0138238834794848 0.0170535547829884
0.0138146120445255 0.0136196475098993
0.0141199575357326 0.0115109754165144
0.0157644254543802 0.0132120081413908
0.0209139040235299 0.0264187229556535
0.0164237731727677 0.0100343718962243
0.0117898889281024 0.012002508271268
0.0180105035704232 0.0159745306942653
0.0162363819019673 0.0102287590310338
0.0253922374492067 0.0160283178378333
0.00925520880159207 0.00932822604043032
0.00991894818184925 0.00984343081880122
0.0119154038216223 0.011055803941439
0.013717906762587 0.00853751542681453
0.0318996337004952 0.0309737479754933
0.0232147498382647 0.0169551900168953
0.0167390510701004 0.0126307980840226
0.0259726552131808 0.0285852835445279
0.0222600575404472 0.0166384987097275
0.0183066367209723 0.022522357439396
0.0378328681530736 0.0183809423248574
0.0180417275687385 0.0183769142555317
0.0128045707983511 0.0187119135664823
0.0296564609241483 0.0361295909528979
0.0144918482008592 0.0112951501259282
0.0126646843149651 0.0110365615127977
0.0119297817147199 0.00951871623213959
0.0236838241565818 0.0263708098308557
0.00993374208534188 0.0109585921804205
0.0193397609022367 0.0161088082075163
0.0108329144545842 0.00597595151087547
0.025245242383855 0.0168880562134512
0.0138168841467721 0.0107887914702397
0.00861320523015754 0.0076725126473514
0.013556723323787 0.00906814581477355
0.0104903007131272 0.00925540863873195
0.0134168670243617 0.0100553153244512
0.0106902378384432 0.010503661918274
0.0132180144490293 0.0139869675134533
0.0182525243505826 0.0113269289912362
0.0298205728590552 0.0210776662751847
0.0159169746376548 0.0130994165483977
0.0148563863186202 0.00996549889480428
0.0205325880462643 0.0135981053109358
0.013671066279843 0.0132916858723272
0.0207422835641365 0.0176485889134062
0.0136625555090362 0.0167255027968423
0.0171031209428176 0.0175355110511192
0.0136338475396957 0.00705631818720687
0.0155596753362402 0.0104550953532552
0.0184875057890346 0.0154959774045048
0.0156242819370945 0.0129503909347804
0.0124958796370148 0.00995269209779154
0.0320401881170602 0.0253606280432648
0.0204578925595502 0.0271727334113657
0.0151330528743826 0.020133960061585
0.0175533458283744 0.0200164999013406
0.0205386500820333 0.0202172563166419
0.0163248952123895 0.013687991052352
0.0276986543716362 0.0228294562802931
0.0163423655591352 0.0176641156397108
0.0196925360315437 0.0144171532500053
0.0199155080608383 0.021921950463314
0.0182683570501644 0.019934349266123
0.0189653607867569 0.0239357432310459
0.0149429264166558 0.0135800239509165
0.0224583778306733 0.0178725446124336
0.0181389327041996 0.0124792739320416
0.0204687811701574 0.0148503408421676
0.0141153729159227 0.012992320320787
0.0156133372780281 0.0192631273348569
0.0236513988221105 0.0188155853098151
0.017588933548929 0.0171758464254312
0.015211304089445 0.0175713909195211
0.0138169241622402 0.016061622796241
0.0129621613720358 0.0138889660567141
0.01542785911694 0.0127691523332877
0.0164057249019956 0.0193768310377878
0.0197227761543073 0.0115767662213131
0.0151620598340974 0.0125361875381537
0.011190885301125 0.0106266031203787
0.0135272901013054 0.0138804361783774
0.0179302012971946 0.0158370143830758
0.0311092604443862 0.0284667673551887
0.0206689892007384 0.0132136106596479
0.00978074013135092 0.00734949823235731
0.0301197648513635 0.0184103034814647
0.0270679103597408 0.0273888835326246
0.024075017718555 0.0194295840796145
0.0131027172939795 0.0169934706637292
0.0226831857230327 0.0133959912364331
0.017630162731175 0.0170916116415954
0.0210761715080048 0.017976585442993
0.0305653875988183 0.0185231871311885
0.0208073695466592 0.0148520480057096
0.015737561150746 0.0141939514762691
0.0145143054514966 0.00895732497529491
0.0112224884588038 0.00991542942994008
0.0191116299839908 0.0175625688059958
0.0228399589646159 0.0133824211251196
0.00938724815215924 0.0125927467969136
0.00965528046444487 0.012036496785166
0.0191770432787047 0.0248326004654949
0.0130030809341794 0.0176838031969067
0.0206951257663251 0.0134607335359414
0.00743350428966121 0.00640874951767203
0.0188112948050546 0.0107997308315968
0.0216241828010638 0.0164581466339981
0.0126820424100274 0.0112251815972496
0.0188306316543604 0.0197671672332374
0.0127929956034177 0.01532839506195
0.0221085690567141 0.0123212562300327
0.0171281432967858 0.0177246055787534
0.0156477307649963 0.0111597170094056
0.0157770691438793 0.0144187016379306
0.0124053320733904 0.0123088989654447
0.0283830181944104 0.0329046350560966
0.0253349337760952 0.0180315700016168
0.0151867672211564 0.0137048928595115
0.0235310762094611 0.0191689647987476
0.0160453398805024 0.01262830407011
0.0303671292103177 0.0166144838852284
0.0163472497233049 0.0169144617783084
0.0103586113718584 0.0124232882240979
0.0185208751910076 0.0161331343010895
0.02303472372996 0.0256520681651317
0.0267228213657586 0.018231162024632
0.017213514993331 0.0211121555901617
0.0156966647505578 0.0158730730420641
0.0246842429427041 0.0158326192357824
0.0194027543929647 0.0151645570415194
0.0220190807088031 0.0124907566564212
0.0248440907218986 0.0197614307805843
0.0135342083584048 0.0108587952422756
0.0102454422044456 0.0118668162258091
0.0117637217153496 0.0131320558416796
0.0175534322364465 0.0188581269864777
0.0183315814720842 0.0137744230906082
0.0274106806149472 0.0198380985474425
0.0396846106837932 0.0308836762321234
0.0112673713467915 0.00943480209471237
0.0221331970045374 0.0187375827638269
0.0171025377523075 0.0129733773907586
0.0178932112475458 0.0147561447916174
0.0143600106839639 0.0135606816162293
0.0217147526168744 0.0178105641650643
0.02931818532295 0.0254524763102002
0.0160797842186342 0.0196293935551798
0.0130126355153039 0.0132632971559995
0.0221844642688168 0.013528352399503
0.0120093000254895 0.0110854885965634
0.0285937871336138 0.0172603060380105
0.0189349571578325 0.0115860092170857
0.0175361793642867 0.013793873096187
0.0227967622664699 0.0213763748856337
0.0206501724400851 0.01929399310465
0.0219655787787611 0.0191309670009613
0.0163915510536354 0.0179801890871948
0.0217207941214119 0.0183845459115301
0.0127073465819307 0.0103227778243407
0.0137654754743593 0.0142279935953985
0.0229507192306813 0.0210750842275917
0.0230876911098276 0.0219544697676126
0.0170660810441991 0.0129102168016877
0.0208865591795624 0.0245718822905144
0.0136692576727023 0.0188813036262156
0.0104075688474448 0.0100940392928258
0.0155543105228639 0.0141896431536787
0.0176729541887872 0.0167639193420065
0.0128786669867844 0.0178905411117323
0.0146120170960702 0.0126037195033842
0.0167610413266653 0.0159796491460272
0.026533418531049 0.0271027616079826
0.021627464531697 0.0215152649947266
0.011868560943161 0.0121448055971786
0.0159466841039441 0.0121213483917095
0.0151793631826395 0.012644097932156
0.0134538149165499 0.0115765197167075
0.0167738068109267 0.0170757251581701
0.0159388469722895 0.01118542374245
0.0117888116901021 0.0110341794017813
0.00918316161375831 0.0130581472168962
0.0131742345675485 0.0101570193642463
0.0152022933402493 0.012482425921361
0.01890183022709 0.0141305474011294
0.0142625485447105 0.0204561731452333
0.0186739572560397 0.0123902737750572
0.0155798178800296 0.019822006534793
0.0116755437865848 0.00920830167082779
0.0118896945845625 0.013961203182569
0.0154481627039332 0.0127666885764103
0.0203141821978559 0.025107327199817
0.0183598484542887 0.0213111729664806
0.0217796495239893 0.0207809162192155
0.0144246107786508 0.0175253679283044
0.0103476084845616 0.0162488802181625
0.0148395438703727 0.0247398155194476
0.00846725110461698 0.0106224468734486
0.0113302408114173 0.0137093094658123
0.0192158528594877 0.0170279666106121
0.0199570504019545 0.0151723251752183
0.014948438024391 0.0139571924060472
0.0190620205215631 0.016091306026075
0.0191927007321044 0.0199338427542562
0.0095763237260787 0.00718597138899455
0.0166542694083258 0.0106525508453768
0.0206623824773264 0.0120565846400908
0.0359002127166925 0.0243504228770375
0.0120073492059819 0.0110373360783408
0.0134493447793416 0.0118696394523391
0.0232018278177482 0.0128767115231947
0.0190713012237572 0.0176339937206025
0.0150665203159636 0.0108960514699386
0.014204797347095 0.0148204009325234
0.017570863682782 0.0143016949153778
0.0114937852967387 0.0111929568190524
0.015785965874706 0.014999016114016
0.0171020925751773 0.0139826882258123
0.0219205209784278 0.0176559610282543
0.0188169035036466 0.0187627245688968
0.0225697075601041 0.0263363234196952
0.0154697253709722 0.0117013890196055
0.00963676570948276 0.012267272855442
0.0123070351524605 0.0106942473866469
0.0116030360294327 0.00868386221961037
0.0152030225958182 0.0109603343681229
0.0273926881223624 0.0204743131301666
0.0156349679803383 0.0178259798799839
0.01926502140376 0.0174147202262826
0.0152246504098838 0.00922793671388755
0.0127759225436588 0.0154607295069811
0.00989361849109976 0.0151119367290538
0.0182910953044977 0.0178827952077031
0.0112832988117805 0.0112479946586638
0.00979701657713113 0.00910694861476265
0.0200180686948201 0.0215373925338328
0.0214718831247068 0.0192952402738783
0.0189815822241539 0.0181440839243948
0.0122437136417447 0.0152913887831345
0.0177626434889754 0.0183494892431856
0.0210355610905896 0.0195008369592879
0.017406777851077 0.0109860099734128
0.0117312542942398 0.0130286537312216
0.0105959777035775 0.0105375955857034
0.0169227340281929 0.0156556057231553
0.0226055490567899 0.0216456901352574
0.0126155269051601 0.0122862645363933
0.0123666170839197 0.0105052943729879
0.0239464638725449 0.0193114096615719
0.0154347518410899 0.0144035172851555
0.0177623335237669 0.0187002888992462
0.0252147817257859 0.0268464138646729
0.0225004479744372 0.0204985957669065
0.00988434731899492 0.00892239036091765
0.012867949724699 0.00936461398120737
0.0172466912113111 0.0116676414222405
0.0127777994240481 0.0121369507459206
0.0199764327688178 0.0239446327477399
0.0183076488220465 0.0140839829234221
0.0308426157399656 0.0264214217488264
0.0160654512422756 0.0136439513593534
0.01490226187757 0.0129778399907954
0.00836699754845414 0.00663219175183657
0.0156409336463889 0.0260267970190565
0.0236963787404866 0.0179092973611673
0.0178153208042498 0.0186664772294175
0.0374030654751386 0.0226537978562947
0.0144490590162565 0.0158002218813569
0.0142492818744434 0.0181426255466389
0.0152125648439965 0.00891883950324036
0.0138569358487235 0.0121922078315884
0.0161667926892812 0.0132388736412196
0.0327410412412569 0.0204007383282281
0.0165420479595779 0.0150926241719907
0.0105761961732695 0.00812687544650246
0.0219854888798416 0.0180637140010559
0.0089125721301825 0.0164760278852662
0.0284908548792941 0.0185550601289122
0.0187087526638886 0.0148038146533863
0.0213281392604894 0.019548773709349
0.0110294907633037 0.00696174712791023
0.0124154572897573 0.0108788694921751
0.0177842575781803 0.0107816231882655
0.0167272622342828 0.0169101809332953
0.0131715566469701 0.0127082321353146
0.0173353940782954 0.0231460001154994
0.01895272412045 0.0170199044902216
0.0170258651089673 0.0137409972371854
0.0181663680334997 0.0171817175377246
0.0141552038952219 0.0119043987248988
0.0117647493634937 0.0118255987074345
0.0208970265610406 0.0148218952477128
0.0312349393681791 0.0263783547064836
0.0127242924724311 0.0119191814499297
0.0191840643451687 0.0162151038357269
0.0131760410371349 0.0116693565084722
0.0171698329444018 0.0103691884922928
0.0160452933976222 0.012124309238701
0.0178594598599245 0.0135085114370574
0.0201609621656745 0.0152193014200381
0.0299295053041751 0.0214538982558298
0.0190827179165773 0.0143004464312268
0.0144266416566356 0.00920159959053247
0.017152158297234 0.0103630858128708
0.0145009808404419 0.0178851471645354
0.0186583056814121 0.0210093188408851
0.0160726962600835 0.0131390027447746
0.021831812592935 0.0163630988018557
0.0203813436514203 0.0138689998080935
0.0236064000338135 0.0209026160448108
0.0252518328343663 0.0216693310398759
0.020336298276982 0.0169463322764222
0.016237173590426 0.0181493857424318
0.0169581495804114 0.016910720323424
0.0172893250076777 0.0143377145489614
0.0171374877199933 0.0155593659621815
0.0137551872481164 0.0119675463970735
0.0173452398840313 0.0115037282175826
0.00993012296259686 0.00897252884143173
0.0361599372965986 0.0284074085439418
0.0191516159686872 0.0137106701513561
0.00999745041062579 0.016416141082779
0.0152867663824865 0.011571436050565
0.0218735882959412 0.0180731026394551
0.0236525787974511 0.0187992107609814
0.0122042874471518 0.0104363355499668
0.021866114637121 0.0260894094050517
0.0102083923483524 0.00959868450313377
0.0362454507096128 0.0219140655708013
0.0155015614578315 0.0123058438943965
0.0214959018305594 0.0232010739587444
0.00930010302470529 0.0122038188627804
0.0133598419001893 0.014617245710053
0.0182159189953299 0.0166035307172378
0.0236022123651221 0.017537523342055
0.014399098738858 0.0148212923742936
0.0273641240563726 0.0206590116507376
0.0138486847544731 0.020071372833001
0.00756601179135773 0.00793621751168145
0.0162478026775295 0.0132323833736652
0.0186970706656629 0.0164508379237812
0.0313678952644286 0.024889464797135
0.0165125411746796 0.0113435275603249
0.0143783736618406 0.0106905227695778
0.0314842643324124 0.020585526015966
0.0197268584654218 0.0129787233651683
0.01191702083104 0.0103709590824466
0.0180411488740399 0.0180123397071973
0.00919998129374702 0.012024090670828
0.0209543264432937 0.0321698345277997
0.0191601534811385 0.0122768995778618
0.0162561460160796 0.0140204996577058
0.016349743549363 0.0173011508050655
0.0125371743839031 0.0114797112926809
0.00808675678353778 0.00633657881827521
0.0196399532037029 0.0186487666954028
0.017094425390341 0.00936982410029547
0.0110631553021824 0.0106342030540995
0.0156898419844019 0.0177132319834619
0.0199545625335254 0.0163627306353875
0.0185629702710602 0.0147124748303489
0.0200290121670111 0.0229954888173037
0.0176637043899033 0.0193314960584454
0.0169690705476212 0.0136297528052799
0.0167865395702503 0.0157103149133451
0.0153859684565983 0.0155701992458123
0.0222008314817119 0.0154240644996406
0.0261609352108257 0.0187062035074643
0.0159526806239327 0.0131718750530612
0.0199476505055151 0.0179116710820856
0.0158171882130898 0.0141548917295895
0.0235415205580467 0.0167850157560755
0.0150192437920892 0.0121142315977065
0.0264458841592616 0.0241856936105921
0.0179351733507511 0.0172613478949364
0.0153374122726215 0.0153700438337457
0.020306662044068 0.0208385522917793
0.0159128437273559 0.0139533613467779
0.0106794293615872 0.00836511417827037
0.0215350663294462 0.0204309526048459
0.00840035584800497 0.00990758145998858
0.0118542515093028 0.0120696462954896
0.0234219808186585 0.0177545495870545
0.0160187257563816 0.0126915235819868
0.0210761690167321 0.0186165418643034
0.0226881237268442 0.0228666911641162
0.01178351121427 0.0126691955139577
0.0241577892261053 0.0179924644232146
0.0351912983899183 0.0176335070791039
0.0261509089896489 0.0151651310198545
0.0196033600829187 0.0112674618321282
0.0145325666810306 0.0135375371502126
0.0116418693310037 0.0102276024898619
0.0293092677780462 0.0215089218329372
0.0215292153202204 0.0169912543048064
0.0166219847568326 0.0128895502174454
0.0257728123087672 0.0231202585130146
0.0208182166636434 0.0152712952263943
0.0156619588500708 0.0106192007682245
0.0189624827817243 0.012792613436077
0.0150631138294787 0.0115412626157778
0.0206268638830022 0.0184645709782417
0.0208347057047085 0.0229036839336981
0.0129598707102912 0.0109091729743906
0.0230967677517362 0.0182290915969383
0.0112281969610599 0.0157388225879675
0.0166178289645053 0.0184624623725603
0.0153615026076679 0.0202540232124168
0.015209771165506 0.0102566427642663
0.0171320807104772 0.0162235562214717
0.0222122057654534 0.0190853901946091
0.0171582264588318 0.0179817817618423
0.0194501459062601 0.0161255163171045
0.0110649372004181 0.0102391930110222
0.0119959129403646 0.00875182499719498
0.0204391830476452 0.015969208351632
0.0134171389908886 0.00990357958676491
0.0208708956084205 0.0258886767219031
0.0159046097973715 0.0118776983401307
0.0126005965952229 0.0165031122579581
0.0170387788180846 0.0118637513452073
0.0256883407699991 0.0142391586354397
0.013839622115448 0.0121780336595455
0.0146997073499045 0.0139472513194314
0.0119629411424047 0.0143630354885022
0.0215261022429786 0.0147915533655498
0.0272809486034278 0.0210892616035774
0.0171923271404994 0.0175382971782149
0.0149334509030963 0.0124595884282077
0.0163253441646639 0.0126153668449681
0.017920230774154 0.0223944136021509
0.0142274546510131 0.0130720910466452
0.0180432691588673 0.0170297091038034
0.0160142269840197 0.0127207181665249
0.0283902124881531 0.0201537000795612
0.0215608927931687 0.0158356474218102
0.0281769126753584 0.0191195459372326
0.0145683816558643 0.0101253450699441
0.0245313474089758 0.0198696950378161
0.0182745320610446 0.0102766360377899
0.0148007519154936 0.0143986646896654
0.018085942777966 0.0154009333137876
0.0137165558108669 0.0145441815899796
0.0186315410924025 0.0137734485731791
0.0228588172044907 0.0167087590709019
0.0171189289549459 0.0151994982215581
0.0182105250402123 0.0143367887095699
0.00878941929002072 0.00894203033674647
0.0165529496431396 0.0126268847711936
0.0117326147105796 0.0174011066503506
0.0104319413718152 0.0114448353801113
0.0282581290897852 0.0223795592390097
0.0213796345863066 0.0158474132224683
0.0132630059483274 0.015809612046964
0.0204960644924296 0.0211412136280894
0.0196847844518287 0.0153588202779754
0.0106975536666009 0.0130387301674631
0.0142814922874492 0.0107821251985926
0.0184846851390428 0.00764817086001066
0.0190838838374971 0.0124656340678784
0.0291661331659218 0.0208056592490317
0.0139634942166523 0.0147511203991748
0.0171525282345869 0.0173463112925554
0.0184440772409269 0.0159506691297258
0.0279009064866323 0.0244976843395194
0.0125116408092316 0.00959618452145016
0.00786362348894981 0.010033790809924
0.0110977373317479 0.0109935473913617
0.0165172280598684 0.0131571221597061
0.0137311109657983 0.01880533804073
0.0209925163955643 0.0222436847680386
0.0232859986816652 0.0129765259338104
0.0093636888253899 0.0103780324980963
0.0131146622307628 0.0107404517757762
0.0169181805924922 0.0156149406411568
0.0204036322039503 0.0172716474798132
0.0186115192938302 0.0152292766913098
0.0201265586421489 0.0150483546370823
0.0173032665226066 0.0144354041905983
0.0253692807344079 0.0204368539569927
0.0190315389715526 0.0196516660375883
0.0175491986628852 0.0171736946664933
0.0235068607601211 0.0283916872482198
0.0191176522932254 0.0156635225268487
0.0127687623209579 0.0160795200159774
0.0185279690547284 0.0132109483435626
0.0164907103314587 0.010398370335101
0.0137275337423194 0.0202003497921622
0.0309723833251482 0.0218487996943865
0.0128223129504395 0.0136832380466504
0.014632857160217 0.015751006171268
0.0214484508664204 0.0160899364021047
0.0237116852646394 0.0227256508973096
0.00758377107355906 0.0102672903304263
0.0141113972199903 0.00913043349469933
0.0137312882268438 0.0146054715436216
0.0158135452523745 0.0243441432027194
0.0151159787990182 0.0158215860142725
0.0143982052766304 0.0161704945077237
0.023295493815093 0.0167307960086301
0.0197831110803294 0.0125024422243197
0.0169093161763876 0.0137796102483721
0.0101584405744312 0.00912222639640226
0.0164229224279013 0.0135501015491298
0.0252154745788432 0.012710629014561
0.0199022194759906 0.01974845814168
0.0175287506227987 0.0193711007014528
0.00721932386433163 0.00616118369750626
0.0248809765465176 0.0207339692280228
0.0192013201713834 0.0132728590937516
0.0190703501495479 0.0131033479772295
0.0162874635608556 0.0145467595744316
0.0178866519014681 0.0107629479373848
0.016898663234165 0.0188379905748701
0.025218007097781 0.0121236176483685
0.0226542809711387 0.0175207445916625
0.019453441721746 0.0170736084568576
0.0163452773449113 0.0135470423397816
0.017546893369995 0.0121177701015745
0.0185085912761403 0.0124285305659663
0.0194912362706083 0.0111249873114701
0.030396210623184 0.0306197629662867
0.0271730826247418 0.0229955481886003
0.0139177163334166 0.0135427105804108
0.0124725416434562 0.00861316932391597
0.0115258228419961 0.0130756721716395
0.0145434507107697 0.0179775363357922
0.0187609759306062 0.0150513586145796
0.0147441379234443 0.0126984823807941
0.0219242343396565 0.0138800444582634
0.00716580686220549 0.00698976871816879
0.0162994994371942 0.0103602427094438
0.0301392794837223 0.0206695409556474
0.0113612296130948 0.0110758116057628
0.0132811134021323 0.0128152857949977
0.01922688953685 0.0142603291189192
0.0242429872572337 0.0228188457419096
0.0213770989480279 0.021067256672546
0.00883958645211788 0.0116848012103215
0.0192482698176015 0.0175876911956869
0.0193506781450569 0.0154294823575243
0.0121383007833365 0.00871412816499921
0.0191307141712099 0.01348320671039
0.0240345171275582 0.0153118826452536
0.0167384363095514 0.0140760625231152
0.0194661325429413 0.016879895336618
0.0131949755687679 0.0164961007544945
0.0168687358562035 0.017756613320338
0.0169615048486559 0.0146746188327817
0.0290974667593399 0.0189460357457008
0.0140415177823199 0.0131411266208537
0.0147201449930366 0.0145262414595573
0.0133164483108118 0.0109644201276819
0.0235000250396769 0.0194076568891757
0.0176818772964702 0.0129510434587746
0.0147579245058531 0.0131593011665428
0.046404075854788 0.0269014461389513
0.0300870913629949 0.0247415649763774
0.0184124572992702 0.0184767793825388
0.0212654312356707 0.0163832269668847
0.0159577507339491 0.0129682991927982
0.0203714206270894 0.0157121135092069
0.0190535432472756 0.0175271013670021
0.019837777834002 0.0168197246381861
0.0129641161479055 0.0110960918473317
0.0204188839973294 0.0198666747110916
0.0123814178732713 0.0096092704202362
0.0162175239790644 0.0135987768184858
0.0309751356927248 0.027187897964777
0.0265888475271863 0.0154853472876141
0.0154328187801916 0.0155712048132296
0.0111181444491281 0.013573187738449
0.0251629573050332 0.0198365376042774
0.0210525858873424 0.0172329145631936
0.0243180669160391 0.0175041802574923
0.0217809142066789 0.0207652090574351
0.00946341146481685 0.00816669108822842
0.0158611394409637 0.0153774857531544
0.025213640694326 0.0156509795102049
0.011624073427635 0.0109136325595788
0.0117676318433158 0.014666135656612
0.0209988185382273 0.0205210870425799
0.0130651193120124 0.0135775016171441
0.025324416732736 0.0102408850286165
0.0133999879303286 0.011690133577939
0.0202232618194745 0.0160864457902821
0.00967022232988253 0.0103531698033472
0.0131840511081525 0.0107933093927865
0.0197291858020501 0.0181111229979904
0.0263045313903517 0.0196502897402172
0.0267426855266231 0.0269611132287072
0.0178484473124948 0.0163833538843665
0.0121290317422373 0.0124270585720897
0.0196381552154423 0.0198489343478649
0.0206781900201567 0.0162567196646282
0.0220083349262764 0.0154853098600477
0.029230249790687 0.0177395365328806
0.0130995513543549 0.0158690189359092
0.0168340113412775 0.0110271833520157
0.0193060931862351 0.0129100010490941
0.0206144885582682 0.0177534956681839
0.0243101355598307 0.0262849973258269
0.0206118115238693 0.0255512086891705
0.0217198422042539 0.0128239172686647
0.0112708375343367 0.0104137716195169
0.0180272363197465 0.0153795848320282
0.0191634344640995 0.012899898379597
0.0221771694082197 0.011397752734047
0.0182808954631802 0.0148720898017576
0.0237072198860807 0.0211575356090118
0.00794583641761018 0.0106377239518521
0.01355342729407 0.0122634405880384
0.0141598896194439 0.00919321616966158
0.0151903224089619 0.0121177522666321
0.00938207468924444 0.00959975759987363
0.0126255491507626 0.0120946907040656
0.0114061828085316 0.0105377213055572
0.0137822958615068 0.0122860890664674
0.0186157081248036 0.0099230903882789
0.0136728984199311 0.0168550796232323
0.0148429265885675 0.0100246554257343
0.0211016350157692 0.0140485580529132
0.021263053734332 0.0133522156195259
0.0140778313835288 0.014740966519682
0.0131323570912481 0.0133019217565296
0.0127152020358146 0.00959701608618077
0.02053131274331 0.022517928662816
0.024512060783702 0.0163077942112437
0.023974898246062 0.0195226912100523
0.016165938329513 0.0111971964842165
0.0154773856937375 0.015963284099295
0.0132088163922338 0.0214610028830034
0.0172744357452734 0.0106351119992434
0.017247933748409 0.0164236065085021
0.0147623967321562 0.0217849047769474
0.0206711285007818 0.0121192295072395
0.0152699881228259 0.0165860792168764
0.0111799635449471 0.0113577824943049
0.0201385358522148 0.014255484600168
0.02131882393971 0.0199654607416576
0.0207403122106808 0.0135503903463199
0.0105881694834307 0.0118509123180729
0.0262151965495721 0.0189345276104287
0.0133026428093837 0.0152155618320242
0.0117850433898387 0.00723261762251307
0.0164470105146835 0.0191513320200104
0.0162270828926192 0.0166954888650113
0.0127955285523793 0.0126315988501544
0.0149957667370816 0.0113866635278042
0.0233171063236024 0.0160246665426056
0.021463453937966 0.0123326041954497
0.0126121354282414 0.0114645924038948
0.0128757334015116 0.0130694381581865
0.0263425341582502 0.0140012873826596
0.0224370767107568 0.0215508118289598
0.0227790327906781 0.0138940918465598
0.0133912478277394 0.0127743644561901
0.019082729327468 0.0148186831200112
0.0101831562389327 0.0109658321037159
0.0158699866021121 0.0122374791580595
0.0198516518555381 0.0115249801775766
0.0149510284575053 0.013108803140296
0.0202406728593163 0.0176049606575836
0.010033235695698 0.0130883606600733
0.0162466914020581 0.0193828235683076
0.0167006098409422 0.0163858259201143
0.0143789763191366 0.0148329438708579
0.0133564060479087 0.0166215263004672
0.0154124314842849 0.0110960485389514
0.0176628351227552 0.0142164270559619
0.0212020037559818 0.0259484334405769
0.0235519140242909 0.0213634459725259
0.0227282253977821 0.0129227900642218
0.00996365683929986 0.00599379016028874
0.0176056843480818 0.0243763514004601
0.019313972982539 0.0142541643459913
0.0196540334249441 0.0128542821263224
0.0218213397547431 0.014706187792355
0.0214986882489852 0.0307451932761288
0.0131480701829479 0.0200555821306086
0.0130182041480778 0.0133990227326777
0.0165430385151157 0.0107417581321566
0.0215350391979714 0.0159707750081732
0.0210107086071888 0.0126021637856786
0.0184240340486705 0.0123698464615315
0.0179377719021978 0.0161288448218956
0.0190667416205681 0.0162493556390437
0.0137613636928669 0.0165930706854546
0.0167562904742772 0.0166219837438266
0.0194457575541795 0.0175717294974777
0.0133549009476283 0.0123592880168519
0.027985205075203 0.0220387910429369
0.0227114686935332 0.0144212111761017
0.0192883776713851 0.0164649791266515
0.0190180477350209 0.0136201062529305
0.013485497054513 0.011919524198107
0.0183333685186953 0.0138148580383105
0.0246819304595667 0.0177799843107971
0.0227160419121655 0.0229519668932511
0.0149502809894593 0.0133070066570561
0.0118755162463057 0.0143030281958782
0.0224894079384822 0.0195107190406727
0.0154458518753249 0.0112269465019505
0.0195549794064387 0.017559085130878
0.0145878179340329 0.0095249337901097
0.0136208567348478 0.00865932862225612
0.0219286789389298 0.0202740973234723
0.0225269905081965 0.0177491953860061
0.0113107907713042 0.010280444275566
0.0159480289831412 0.0222135393977028
0.0209695330273836 0.0242070922328711
0.0101970084720873 0.010942712458049
0.0238965732925554 0.0196121885146461
0.0167556617249686 0.0121341065218212
0.0174348799132308 0.0125492031158165
0.0237132837099512 0.0237978825739174
0.0147786785819571 0.0128662592955142
0.0150669691884468 0.0146890052001848
0.0168220279618047 0.010274867667929
0.0128666875692195 0.0105132732891005
0.0150298837150683 0.0111814759669962
0.0100341228747457 0.016302774430472
0.0191333577554548 0.0200216522604859
0.0177045519867495 0.0134481276961615
0.0126869406246101 0.0147027345002373
0.0182940522405282 0.0136428073241241
0.0138292722024304 0.0127069637692046
0.0309200041555629 0.0155001218662231
0.00939380273086659 0.00886606779236683
0.0293003624209477 0.0223097401891003
0.0158072872382068 0.0132170100138524
0.0275478801644458 0.0155123780286632
0.0147844868720034 0.0101810674912049
0.0180547670180867 0.0103501109231861
0.0108566565505876 0.0148188403706716
0.0205401794010261 0.017025067770447
0.0170270211366924 0.00928138447852029
0.0134354058348946 0.00825693928830354
0.0126073298974171 0.00875950805703234
0.0108872861831814 0.00852804214624706
0.0158128440236585 0.0139349712647272
0.0140732827588965 0.0151043573142162
0.0184701551283591 0.0162829645452131
0.0151598063731806 0.0141097120839696
0.0212766219785578 0.017196743757921
0.0121606006815898 0.0122074858464297
0.0172444138415347 0.0137807382996105
0.0125422899050759 0.0151191105904013
0.0175909653085895 0.0154683398233574
0.0189130018443772 0.0247765514703927
0.0209916989401348 0.0108244583085324
0.0218249662463296 0.0203462574010526
0.0202410971939285 0.0223186197202137
0.0193074839088888 0.0206990756857072
0.0140740424101239 0.00930625625939457
0.0198191848717595 0.0113595580624078
0.021177359552253 0.0192525459188071
0.0135397106510545 0.0117806963598283
0.0163941402133445 0.0128646687146404
0.0277766176801579 0.0190606272264025
0.0190293557421631 0.0164078046828311
0.0169354021843189 0.0101142296068094
0.0219795476660633 0.0229864797538468
0.0224774347744162 0.0219287801784181
0.0257145112600615 0.0187064602961531
0.0196411491030284 0.0175299847497429
0.0336014083482131 0.0215229967033173
0.00909309480550217 0.0121135394620756
0.0193514841619581 0.0238355730796174
0.0125044725512319 0.013755127159526
0.0143458009896982 0.0113168026834696
0.0277536092316534 0.0275289167179026
0.0254268716895559 0.016671395421959
0.0150472575514449 0.0148189575606542
0.0206008572336663 0.0149456694387552
0.0165650494447813 0.0174858753494831
0.0155034519730647 0.0161946974488282
0.0151794317036777 0.0109723280434191
0.0222104904818113 0.0175099140375915
0.0155073770748135 0.0106172837813949
0.023965810743914 0.0122335281822205
0.0134310646075499 0.00954362735677275
0.0189506853363143 0.0252442669212501
0.0196948204913743 0.0221189142927893
0.0363020082286636 0.0259821582758606
0.0145357045155057 0.0170793910826144
0.0206696287104505 0.0168896732818937
0.0211825734343271 0.0180625770829259
0.0192679043406367 0.0124378476831247
0.016062030038825 0.0197634975900119
0.0204505860070495 0.0206259359602298
0.0176321568123782 0.0170422137611949
0.0177954749617937 0.0175274288730406
0.0117825786885481 0.0114958825479557
0.0208331554863299 0.0210845275011305
0.0283241302582434 0.0249966214968634
0.0109157260920596 0.0116426283084666
0.0239627561318894 0.0160434836570794
0.0154025901661781 0.0181189370955194
0.00950236511197814 0.0121926699352713
0.0169276846413286 0.019525607697993
0.0152035201101217 0.0180042661845857
0.0269667760495903 0.015109520134361
0.0157350772675018 0.0126468304844407
0.0263710422563564 0.0161456246763605
0.0241631287226026 0.0155362265640686
0.0162660629328597 0.0137063812016873
0.0176009996522767 0.0190667038156527
0.0144274002030244 0.0140817687870024
0.024788797646318 0.0159613176296149
0.0226427505048722 0.0276179731366186
0.0185734765350372 0.0189453929188971
0.0206930430762028 0.0243078710651724
0.0130295873433698 0.00893355067291968
0.0205869789234896 0.0170461843357984
0.0205528511711492 0.0157753509864236
0.0235498599335483 0.0233481717706105
0.0176330614874365 0.0156382849503331
0.0118025179030387 0.0108888754878247
0.0255246923859716 0.0205526340031472
0.0210618408980875 0.0273541064733033
0.0210978328523763 0.0270407607388221
0.0341299000216264 0.0257073304755194
0.0181710407868706 0.0267596619048766
0.0151731354434818 0.0146974471128386
0.0205708970823827 0.0188317013544748
0.0294509402462519 0.0167738870526709
0.0109300124060067 0.0117330816143826
0.0119487283777209 0.0106333012919143
0.0168438091659219 0.0101634797049333
0.019656259460229 0.0216147312053238
0.00942401820320388 0.0093787152804634
0.0125431453470768 0.0179032114249288
0.0169312461477529 0.0151339596138163
0.0124647928480376 0.0113176059234724
0.0159083237245472 0.0121595756073534
0.0178709518619743 0.0212091342465874
0.0209729966347212 0.0122552962962708
0.0107425917115032 0.00887998436169362
0.0219877909921397 0.0130797941296931
0.0102235925382174 0.012027800271064
0.0171897564974841 0.00899758969251429
0.0112003208748378 0.0154323268602021
0.0173484030712318 0.0130753582153748
0.0174120061403949 0.0186853588226955
0.0198379743164234 0.0139933407596584
0.0189998108221153 0.0102906218976731
0.0166617081327454 0.0165086498798638
0.0220179334776443 0.0239247783382816
0.025899432702392 0.0261903571074566
0.0102594244693035 0.0084272628541851
0.0120606564363955 0.0137528904695685
0.0150211191240773 0.0122450703450196
0.0109602709111948 0.0106398820816054
0.0206725994385423 0.0199590058850382
0.0105647997355085 0.0101501094568506
0.0138624661470375 0.00888936810486013
0.0141499902695781 0.0138896127535401
0.00923978060179423 0.00943527491559708
0.018665167098234 0.0183673402185537
0.0263852337471287 0.0174647140566378
0.0180552871560847 0.012566891270303
0.0225954264079925 0.0193232220244915
0.0121189022848081 0.0112207648130005
0.014697434036886 0.0119342287767572
0.0372261401880379 0.0260707919429493
0.0171370509913027 0.0179807891495618
0.01457567511474 0.0138502754200417
0.0205218051020915 0.0174445851233613
0.0196305632782917 0.0178119149839135
0.0202124510763738 0.0166362807606736
0.0134209616385676 0.0144208747812207
0.0160248336074648 0.0119652818383459
0.0239280739520406 0.0121414742328359
0.0115911218412879 0.0104157606789231
0.0189282016302105 0.0113904280990767
0.029713649542141 0.0203621609304089
0.0169963922490618 0.0171066285628955
0.0159869474254115 0.0196566377554285
0.0347007155394514 0.0220890551194174
0.0187572659861024 0.0136327121377817
0.014066810072249 0.0129973136416712
0.0213135303553082 0.0246091327222158
0.00803923225500202 0.00616964305390845
0.0125355453025173 0.0147074548360565
0.0177728394925889 0.0123251572269975
0.0158362269800964 0.0190135577675043
0.0207896841294098 0.0135145206771611
0.0167086485137339 0.0138205285417369
0.0163551250452364 0.0140036235626917
0.0182585633614847 0.0184249111285159
0.0149924530425573 0.014669073009898
0.0114234694757926 0.00791295302995144
0.0177150597519374 0.0284574702802235
0.0151263496542286 0.0148718803842153
0.0236455850167686 0.0190225182022607
0.0258066468392167 0.020731092105412
0.0189231878429303 0.0240398546156685
0.0118787518218903 0.0147677347234901
0.0171943927332074 0.0129305199025975
0.0155895212828476 0.0111084642010657
0.0187748327791059 0.0215112125717795
0.0217907119803534 0.0180830138732469
0.0171231474172441 0.0156071807221144
0.0162555292361258 0.0147590273472792
0.0275716033854905 0.0249243026852899
0.0156687287806198 0.0138069110821755
0.00962914598102174 0.00933188523267645
0.0240970166513861 0.022637499021925
0.0192777781379694 0.0135734620945854
0.0139933951217048 0.00937957085248206
0.0182760622255497 0.019427107875252
0.0182206089656901 0.0174572322711826
0.0267535767508585 0.0203952539867615
0.00728237113154912 0.00884634038476678
0.0275105590689543 0.0203567589399402
0.0234015249343737 0.0203433334738069
0.0165142629862618 0.00864182839964693
0.016904455544957 0.0140153053801391
0.0205607204667604 0.0226205433904944
0.0154019929234804 0.0147471262847465
0.0149838682463597 0.0155754001222324
0.0186989953534566 0.00953491164353286
0.0255716722792977 0.0159249072032694
0.0236173406512473 0.0127594540225283
0.0293901155740745 0.0169135676339133
0.0317192087889513 0.024902024096222
0.0200118890119951 0.0203014960512689
0.0242919243101856 0.0197521491965334
0.0214418336381678 0.0170524061208346
0.0188670958815474 0.0151654311622548
0.0162860981725973 0.0129233157435307
0.0173735555126145 0.0103856658270113
0.0145249048051805 0.00927601954433045
0.0168688742341258 0.0147886543876829
0.0198386142046808 0.017072741370843
0.0153268970382584 0.0120058650272055
0.0136740265976075 0.0134683224212139
0.0221264396328202 0.0291031908082833
0.0160392184187507 0.0116585177349094
0.0146441494713302 0.0154197876938405
0.00956053498702697 0.00977499616944624
0.0156588566541767 0.0157821097898943
0.0221424529874827 0.0180466649084475
0.00905689718828963 0.00818283869710999
0.0223547857073069 0.015768062052481
0.0109477443010208 0.0113442358809615
0.0166797606937463 0.0183364052602249
0.0171253793416935 0.0173142790674274
0.0212651228738335 0.0144651179102894
0.0175645635018485 0.0198262893578175
0.0120777492770926 0.010690969016859
0.0287370635496581 0.0199379135933345
0.0201068511878532 0.0120954810042058
0.0157765741422113 0.0150068923102869
0.00742055703593602 0.0127094504435067
0.015642370825261 0.01798877934058
0.0128358062650719 0.0133391833447176
0.0210142545533783 0.0166693100615445
0.0158825428168516 0.0120003904896819
0.0222500974099102 0.0205785162091564
0.0228887952183413 0.0169390931063621
0.0217418238794829 0.0150633826061624
0.0225304176108621 0.0164470197671226
0.0176492609762691 0.0174092963594405
0.0177915214336343 0.0149736818248709
0.030416331988741 0.0206862809600998
0.0213203330454152 0.0129512830386282
0.0265913636405205 0.0156478297078837
0.0237657184492266 0.0231501264588572
0.0274575283925077 0.0214336763414118
0.0114218810242654 0.01405727375131
0.0161229264436234 0.0167837457933905
0.0179119410717143 0.0134279461460703
0.0223322130420941 0.0125394664232446
0.0246672121613697 0.0162081949233929
0.0151526083166878 0.0120235713244806
0.0325294264179416 0.0208220974823076
0.0218448615228145 0.0176667772135223
0.0157014963140351 0.0148932644505575
0.0217342527865266 0.018660741256813
0.0147583946931228 0.0115203567891533
0.0193319219729955 0.0190949398097847
0.0153339626977131 0.0171752428272547
0.00562018316192558 0.00880700228022668
0.0159697394435243 0.010072326443499
0.0132906394417303 0.0130392547910578
0.0120198567898466 0.0129140143256755
0.0231583456641576 0.0222374659450047
0.0208622356576576 0.0236591632245883
0.0271452338333091 0.0140623663567849
0.0153056747151347 0.0148146548885079
0.0129075415681194 0.00924603934060498
0.0164818391211734 0.0136055327173502
0.0169784042761857 0.0136610744039011
0.0116244768700244 0.0140323507211813
0.0269415565242967 0.0219967667211726
0.0344208180858984 0.0255622933960893
0.0217143943750979 0.0169620218084371
0.0228090719272128 0.0201650439617876
0.0208322573442411 0.0188246029254367
0.0278314284284809 0.0205592695490393
0.0176221591880811 0.0150470363523834
0.0148141430781295 0.0117611271965476
0.00974985266723963 0.00695577207336896
0.0201126265546593 0.0134170045431615
0.0173628062140717 0.0108906527698781
0.0165304181702234 0.0174177958773325
0.0313800127716068 0.0203574376746414
0.0183371478595503 0.0117287028831027
0.0169193134181743 0.0104895756738058
0.0194373390534842 0.0162366369847997
0.0143024649948745 0.0188827226718939
0.0276170796474602 0.0219919084158247
0.0161678376742849 0.0103899823682221
0.0189571826852442 0.0132600163254205
0.018194731832661 0.0188394271002323
0.0139534004905074 0.0146744477479491
0.0114373153945449 0.010898712597495
0.0185922649794639 0.0129477822953977
0.0116235869988213 0.013030654319297
0.0160497880447705 0.0148757057280148
0.0145793614057968 0.0126915023732233
0.0105273346875179 0.00805752647658651
0.0139812322723319 0.0118861877475616
0.0102947186845429 0.00817838167153406
0.0194055704029871 0.0105722207289303
0.01812870416027 0.0119632208749735
0.0223609447576461 0.0169785704989899
0.0321941321649863 0.0121492359445083
0.015644335092439 0.0100590770033045
0.0161656024664054 0.0108665749751172
0.0253869684808681 0.0116943109972695
0.0153295617187201 0.0118983873585253
0.0134838096237619 0.0109741112587922
0.0151683946563493 0.0194706719034952
0.0106760657539859 0.01228441152689
0.0245781835093738 0.0267707700823978
0.0171061733486789 0.0146160890512702
0.0120968548849417 0.00981958642939726
0.0368304240730333 0.0193474099570974
0.0110674486893952 0.0105910182507017
0.0184769178264381 0.0154461564826431
0.0205681465867031 0.0175099312402299
0.0148871992595782 0.0136885404719052
0.0123628073202399 0.0135184621857329
0.0114941944415786 0.0112484844375838
0.0193903773538785 0.0172627587438955
0.0159792150437533 0.0162816206533091
0.0237841458907373 0.0168986852988706
0.0156100539418951 0.0151549342851069
0.0202347970420798 0.0140895135109694
0.0150337424082702 0.0131119219334388
0.0135082227928007 0.0131645839844712
0.0149321467075353 0.0141701579050575
0.0131875356321621 0.0117494647849405
0.0180732903137777 0.0112827729834991
0.0133757153376654 0.0150824165848918
0.0140727340937417 0.0171622928822572
0.0105627144351936 0.0125581193611707
0.0157452727831032 0.0189268086737046
0.0137367304327452 0.0241420608125795
0.00920698519878619 0.0153402756174473
0.0093874742977769 0.0117952497622468
0.0171759456941767 0.0101427825734716
0.018702101240494 0.016570610632659
0.0155932711314615 0.0176527091253645
0.0125199529210918 0.0222798500610075
0.0159001263942138 0.0116397239041211
0.018306945087728 0.0169357067448253
0.0178604567722814 0.0156663804517588
0.0186953726107312 0.0189456551509779
0.0213901456670406 0.0221082280624859
0.0162491534588909 0.0153350110690987
0.0129427675018321 0.0085250003476425
0.0199947239365062 0.0168935963057554
0.0129870478399462 0.0150876398897161
0.0188331703369165 0.0109226235925151
0.0201006772148873 0.0165328284326136
0.0152268872773371 0.0158208869304076
0.0192405316975993 0.016290958469036
0.0115420633476237 0.0168356168486977
0.0127231285704488 0.0157341906870744
0.0215050406622215 0.0168647492873543
0.0194334248291094 0.0202296264212583
0.0181080809086342 0.0169450464065471
0.00808235965780674 0.00876217601643571
0.0183620429150117 0.0174521459874807
0.0131897103170207 0.0119434512654379
0.0177818934934586 0.013078648898315
0.0224029434031352 0.0179938528742468
0.0194961021570189 0.0208477470571382
0.0207601257687429 0.0283733716927619
0.015467979563393 0.0136082224777862
0.0179579876563559 0.0147625489648781
0.0244162389945814 0.0191081909783731
0.0188528278353056 0.0204625168265777
0.0175200918585428 0.0168831437374343
0.0192609892064184 0.0228619420876811
0.0153420345930895 0.014952435169357
0.0168423798436993 0.0173444867877692
0.0230511825264776 0.0187240500802759
0.0280055507240401 0.0222363233934695
0.0259546378364184 0.019184602751879
0.0152833477223142 0.013974539631243
0.0190744765419553 0.0119219950280089
0.0103194236993105 0.0176118793339453
0.0163318102471476 0.0144159208834505
0.0190870451021097 0.0147721986342917
0.0227194568084804 0.0208298372019132
0.0136792204243625 0.009257045170392
0.016421074135986 0.0167211378711099
0.0208159077878004 0.0179470054396596
0.018697675367315 0.016978819187705
0.0194015254114196 0.011708137964171
0.0196526888478379 0.0172724491596023
0.0257225004378804 0.0107496460826998
0.0176884034737886 0.017386021764768
0.016382303279971 0.0182939212878774
0.0149428435467425 0.0102139849040402
0.0250582800994115 0.0131190939238433
0.0161539915416563 0.0179600767491528
0.0054659555240421 0.00491041615080395
0.0105834411327794 0.0129976451872967
0.0167187845471944 0.0131409366157975
0.0143379010606678 0.011748314168102
0.0129336612339431 0.0105312308273941
0.0243708178223034 0.0236923391189958
0.0150223537455275 0.00846251767536211
0.0128907707978197 0.0108989527580304
0.0166603858386412 0.00978536746102313
0.011190363958708 0.0116175126196736
0.0254747105175645 0.0200966872282803
0.0248759614068967 0.0207305582495515
0.0158710511943453 0.0145466310084213
0.0200612226520069 0.0233271567525263
0.0179843617737804 0.0157979541079617
0.0186967543528644 0.0206448548196403
0.0260317063023488 0.0168760585850994
0.0195520644296477 0.0128431272678495
0.0114985368868761 0.0134612037020065
0.0168531793491123 0.00857655476480642
0.00761088627593469 0.0115477365619857
0.0124180134742956 0.0121012633956543
0.0107056280034709 0.0112004960571329
0.0228270910382821 0.0201976607624584
0.0352857348145692 0.0281320264422192
0.00818768945322924 0.00873110883051505
0.0155235541267479 0.0135574076658116
0.0172975896913976 0.0158695569480358
0.0134813229338279 0.0100913943622092
0.00987807559290984 0.00698561404325123
0.0259347139715169 0.0249441425963412
0.019462489638295 0.0158591625401521
0.010492988887504 0.0143846710493993
0.0129446010056573 0.0162354629538772
0.0297948026076648 0.0182682062897036
0.00867479820598662 0.00565484416346838
0.0176717594489339 0.0200135690006547
0.0147777615609874 0.011738113760836
0.0221920853631992 0.0214132881935974
0.0150500690098592 0.0113496786816857
0.0231649692733406 0.0131407715957874
0.0157813820133669 0.00908342125775305
0.0136790714030063 0.0157190096890522
0.0179952104620597 0.0176105909233209
0.0148091365220785 0.0140005104655003
0.0129365225417868 0.0118469223627629
0.0285748999412688 0.0257812981277185
0.0179115472531988 0.0128806057476745
0.0278817028232937 0.0292434983655895
0.0131002226991638 0.0187813212631131
0.0113937795271662 0.0112391609006102
0.0122570410461957 0.0141860088520896
0.0154851716015488 0.0104005662774823
0.0164803581744903 0.0171862918637699
0.0217455236081494 0.014374474167687
0.017519193761672 0.0159384450654982
0.00996841034341016 0.0107897229552568
0.0226557173413897 0.0135458041930351
0.019044204997098 0.012332725009573
0.0307396928770031 0.0288301599360757
0.0144131910879358 0.0196398785925382
0.0193830390453604 0.0165524351269781
0.027876370928627 0.021689900749065
0.0244358736565998 0.0212904780341825
0.0130018967573733 0.0139357221212249
0.0189220201343451 0.0160512761873766
0.0287389992866239 0.0259292095323924
0.0148704742709651 0.0131000612746637
0.0197575691780687 0.0189532022296136
0.0126148871744354 0.0101534950647052
0.0069035217410974 0.00742636802886358
0.0145316280159229 0.0204807648709793
0.0152097134774954 0.0161631120564795
0.0162181854507159 0.0120991683368899
0.012790994274793 0.0185678873634393
0.0132187750342959 0.00894781016594253
0.019422683393225 0.0105883076388436
0.026239802419662 0.024787435089157
0.0136790364350776 0.0151544848950555
0.0241501262084288 0.0232583266929582
0.0208860964652271 0.0163799528942624
0.0212999567801401 0.0125347674905771
0.0127218975702832 0.0105386800340079
0.0123224726532935 0.0104855163584775
0.0212386384372078 0.0195137501331273
0.0151671157967314 0.0103771412074672
0.00953086053637874 0.0112892978122007
0.0193161446534085 0.016830674532665
0.0104488099214349 0.0119060563094867
0.00747369761802388 0.00771916211639911
0.0213235269031565 0.0252982188345892
0.0232430738538063 0.0215186457347775
0.0236351297831749 0.0182519684286514
0.022814410390027 0.0239428030314047
0.0155396359705296 0.0165116060195013
0.0127762331115384 0.00928265707608467
0.0113774100071281 0.0090806822019739
0.0232239301718714 0.0140346915688278
0.016028830974104 0.0143990072206686
0.015708194787953 0.00890329911151959
0.0218735007642038 0.0147104967412017
0.0194363497141056 0.0134113177507135
0.0105672728334285 0.00795246631152762
0.0101677795396387 0.0118395619151704
0.015354753894052 0.0153497216630105
0.0247586551935899 0.0186070941283364
0.0154166164778578 0.00872486732597983
0.0089777333026006 0.0137044839511643
0.0126107889408696 0.014672298000814
0.0174369625096235 0.00899452115555852
0.0118165237017599 0.013758872110777
0.0186069383438176 0.0217463362234715
0.0114254306832242 0.00923547292088065
0.0249425435204056 0.0163035319925198
0.0149610105827378 0.0156815209673446
0.0123018354866673 0.0114601111074848
0.0198033359190569 0.0132436314377154
0.0212844946775704 0.0180730899751948
0.0142033790100559 0.0163237609199702
0.0163163399660526 0.00972068374756836
0.0196778438879346 0.0154589464925183
0.0208286014318039 0.0176308033064731
0.023945323137268 0.0176588183749459
0.0163093676405503 0.0130628683781265
0.0169939689172104 0.0160698244750052
0.0281054741022927 0.0212205816336339
0.0278652316220781 0.0188345390909552
0.0203712948649149 0.0164242275484023
0.01892447650521 0.0139275707060608
0.0188814630300712 0.0157789035203666
0.0087339228823462 0.00713464574244699
0.0151125276801026 0.0123866647807624
0.0144068189646013 0.0168513048148155
0.0273895866367104 0.021593901348019
0.0227150248399377 0.0211875665467195
0.0188092504702283 0.0130456505108206
0.022021445899421 0.0199489558312259
0.0157456651523449 0.0215931953868444
0.016443169611641 0.0137142517822066
0.0122536482924875 0.0135754215421146
0.0115226414320569 0.0142847691420345
0.0190620351908999 0.0118012884067792
0.0167290906287265 0.018865440423861
0.022457661484003 0.0173076328198464
0.012480738799114 0.0105041011225412
0.0131919509240816 0.0158603570499299
0.0249411259419111 0.0169435625447171
0.0116714327357893 0.0100184062366664
0.0138886036423065 0.0151676448696969
0.00902825044130569 0.0112466173313653
0.0158680236110139 0.0111508208037292
0.0198328062198652 0.0161005025135399
0.0135721456884431 0.012674401891241
0.0278251386989009 0.0271496690774086
0.0207442518186545 0.0135601271635903
0.0251972833500451 0.0202566152230245
0.0150980869358227 0.0147741795232879
0.0153921046650004 0.00904488312066512
0.0169817063232737 0.0134102831277672
0.0129808387592765 0.0118254907762062
0.0163633563820328 0.0144631784264274
0.0214560162439369 0.0156823625921843
0.0187099219337428 0.0141174004532256
0.0179215476689929 0.0196770674571281
0.0152824840485852 0.0111990850632364
0.0306610430402577 0.0271135680915609
0.0108264477428969 0.00833402392337067
0.0230124478664554 0.016153377887099
0.0108389242021078 0.0118472795886606
0.0165230359912374 0.0144140185714218
0.0285339452044876 0.0228587296430632
0.0160767740113647 0.0153527023436744
0.0237667204335676 0.0190489190432504
0.0127902617918738 0.00992319956000028
0.0203921846206909 0.0154256305384576
0.0121298110890937 0.0117793784444526
0.0164200667831372 0.0141752948324687
0.0202616179981683 0.0186807985532462
0.019116408481757 0.0189080841590789
0.0186194225634334 0.0150272129291651
0.0132514645415921 0.00958383060032468
0.00989796971798687 0.0106489340773026
0.0201873254791587 0.014908569503895
0.0229401818427681 0.0175412222568854
0.0137315247149474 0.012292467224039
0.02118564059101 0.0232514637530854
0.0204005753082455 0.0210471997338652
0.0102991035520347 0.00879525190464127
0.0139379523030123 0.0153256064044615
0.015879110641593 0.010526021848397
0.0145543034693363 0.0143752251367837
0.0154096546543097 0.0159021649141786
0.0195949452483665 0.0220355480066726
0.0140170719911446 0.0186321710177678
0.017926859347715 0.0253455504499202
0.00645940800949635 0.00919621505849545
0.0185621815791067 0.01631275730626
0.0196841066949031 0.0185223503957393
0.011608593396528 0.0113092463720688
0.017585757555412 0.0109200705180305
0.0192622083541565 0.0158846330287698
0.0140905813754203 0.0192587442498604
0.026199375892383 0.0245536271789581
0.0202880495924517 0.018061382260809
0.0326644637939362 0.0210098290048603
0.0103861125131456 0.0131815015418757
0.0154579838430524 0.015599502155217
0.0105746837162387 0.0109984511468514
0.0157401829291446 0.00863629584474724
0.0144554843627862 0.00774699286284097
0.0183046496116659 0.0144190400923399
0.0235808378678594 0.0142911387244265
0.0213158802800613 0.010187058737956
0.0257386742565931 0.015810317795889
0.016585937282473 0.0132211534198024
0.0149853331001698 0.010554311225654
0.0279276214070534 0.026214704293307
0.0370519021336948 0.0267246349932181
0.0244393080551146 0.0176322245226647
0.0225488546063243 0.0202364929939214
0.0243257619273543 0.0173200915508365
0.0122388655966261 0.00955625473370142
0.0154243244093291 0.0192162087143371
0.0211452904814996 0.0129846683637346
0.0122167830227788 0.0102118098979311
0.0174129599008537 0.0193696141235637
0.0169390338735931 0.0130252313135282
0.0151129691231353 0.015438529086008
0.0154301580075195 0.017811030935896
0.0315115428182512 0.0301553292998439
0.0169502214944228 0.0136044641538303
0.016292063074318 0.0145032139832036
0.0192205277360504 0.022323238624296
0.0169367937046366 0.0110129407658222
0.0129849183232262 0.0132944823311851
0.0112337847413662 0.00942832370604491
0.012750820272251 0.00823251530731702
0.0160940081176441 0.0131262597206676
0.0174207124976923 0.018044768510816
0.0220950302611184 0.0165503878227706
0.0160133288322784 0.0113933613086811
0.0346897635045029 0.0284687396947679
0.0130234512143821 0.010488178276489
0.0188087632131439 0.0203838965594568
0.0239052448791702 0.0188227954107112
0.0211680502533545 0.0180873313761327
0.00980425753735857 0.00835344463232014
0.0195528780583418 0.0170963667022385
0.0134277502224713 0.0114894378366149
0.0271632866295037 0.015477367949902
0.0207383089253076 0.0179698382215352
0.0241999329695264 0.018192605132801
0.0133734431864035 0.0147738927802701
0.0313806568019442 0.0248597726805755
0.0108773044294552 0.00756174736238783
0.00990130612550055 0.00861698097316877
0.0272478121227101 0.0202449460528852
0.0153501002234368 0.0186416619237699
0.00923291764145027 0.00917119754986158
0.013864750750264 0.0133428421861899
0.0240063265438658 0.018640768277211
0.0167354697040551 0.0132431600455268
0.0214662608506833 0.0115152342653893
0.0229273405849722 0.024970387899206
0.0160846283486813 0.0125561230713912
0.0109982355275821 0.0138701097756864
0.0106529236010969 0.0111348906797716
0.0167734778507333 0.0179199879847885
0.0121001714974439 0.00932102296191316
0.00955252452058472 0.00779169972283256
0.0174945357631847 0.0156727546649717
0.0197833149494412 0.0132093156127947
0.0191519088567929 0.0130350581286194
0.0132254623415118 0.0147417712895054
0.0156396182749155 0.0215770249590288
0.0124486973684637 0.0127429336128059
0.0114444017241187 0.00932518592836855
0.0280159668265432 0.0205688607147543
0.0283929047797905 0.0187474195051286
0.0140316097048425 0.0117762134583179
0.0187716437744996 0.0223923586895351
0.0193816623441903 0.013464040360152
0.0131409253362066 0.0135520216282866
0.0278349553409315 0.0179522776597392
0.0199960132556045 0.0186509182203014
0.0144661985603237 0.0107438233936628
0.0121036175197794 0.0100458197929096
0.0139900653820347 0.0154377304428715
0.0141181091879236 0.010289740719438
0.00613740806710093 0.00484993505807004
0.0180693917583122 0.0120169867513149
0.0225391170283647 0.0191954635127558
0.0128076842640811 0.0141678304034489
0.0159493744186337 0.0106093571172286
0.0164655788022146 0.0120917414499383
0.0150749461013775 0.0108364453130462
0.0100828402034344 0.00836903831201394
0.0179538103452762 0.0119244837178453
0.0160645237802444 0.0160712508434331
0.0184324306664363 0.0118439240238919
0.025404680020029 0.0255301265733628
0.0127355049917624 0.0084299053282897
0.0208378187567594 0.0100778257699968
0.0278111647364577 0.0253055822292308
0.0111380022048237 0.00913099190050021
0.0204642778873142 0.0187910424458152
0.0210728729891388 0.0150916780560281
0.0210801241181181 0.0160931040535265
0.0238446806585367 0.0335516877990914
0.0210033997494401 0.0174505497626786
0.0263148153440552 0.0279895586796724
0.0099379700590054 0.00935167998634935
0.0383225326454487 0.0244478658773271
0.0239338814522654 0.0176023504131202
0.0110338198090895 0.0103419945139078
0.00807501000889896 0.0126472556324518
0.0174905520124408 0.0197125897875032
0.0204139344366012 0.0152187977329469
0.0123521429089412 0.00973043002880082
0.0149821698776194 0.00992368115803777
0.0160338414639816 0.017593732814882
0.016950370974255 0.0135607490026022
0.0130989284534126 0.00901798992784911
0.0138007949568774 0.0134183077025135
0.00901776552511673 0.00835771765801218
0.0169747592796582 0.0156321072062521
0.0100867477007105 0.0110425830549393
0.0122003320013768 0.01276451447719
0.0104715702132066 0.0146049128711199
0.0158542464502793 0.0134944421282081
0.0132372180234817 0.0147146925577103
0.0111358291580853 0.0106500390313611
0.018824805660744 0.0153007408648946
0.017477694956578 0.0148276027270202
0.0198541870034857 0.015583151523994
0.0258355780280039 0.0154281008400768
0.0247630642483238 0.0279184712195618
0.0146410343795796 0.0135506232207046
0.0227615447084866 0.0205123911298572
0.0171597169301324 0.0124626821775563
0.0151360511780022 0.0130472784572654
0.0167250007661996 0.0224944451611813
0.0173407007053616 0.010779591239085
0.025075842288706 0.0174173646423499
0.0172687554496987 0.0110948113166368
0.00972630614539763 0.0110987058073034
0.0168489854492299 0.0170545247802453
0.0305795739226583 0.0251045665359294
0.016374618582542 0.00856902836437493
0.0185032295740945 0.0282512206717055
0.00917641888383059 0.00819571510439438
0.0169799165300797 0.0178982174761244
0.0116607047757402 0.0128905088947358
0.0179122468637453 0.0142025721426007
0.0160067205796786 0.0199092049105437
0.0142720855986943 0.0133556501550762
0.0169732114252551 0.0141472678128999
0.0140625230681447 0.00923212858575082
0.0191466964983531 0.0158232432151003
0.0189042791029091 0.0190042326929103
0.0171643220183965 0.0218915816530287
0.0195340219818904 0.0222142291715774
0.0163654372772188 0.0147873803914441
0.019948468171351 0.016277209483502
0.0189542994099784 0.0124942743266955
0.0221475101647109 0.0130400188746953
0.0137695832108799 0.0100894952379022
0.0161041402732844 0.0136464860962648
0.0157128858743958 0.0168972568560123
0.0154870784869197 0.0104232213710967
0.0175127304524316 0.015499650204246
0.0116064192694466 0.0121602101878794
0.0131299203856632 0.0137604958280949
0.0246046431191936 0.0240385898030251
0.0157977209296784 0.0142158084737811
0.0221782956176313 0.0161586722216594
0.0182459911179807 0.0156332549638452
0.0135676550088109 0.0129609931225426
0.0278562876897878 0.0180615683270611
0.0245274106159703 0.0243914254150902
0.0171104502073491 0.0127221164302085
0.0130840376643568 0.0137218604264986
0.0188678643728083 0.0165508949674215
0.0143245536911591 0.0134327036521432
0.010730027129022 0.0165210064022557
0.0164328984200051 0.0203128624673591
0.0102333096904354 0.00836669798112324
0.0169958337275134 0.0115471320498042
0.020481971729933 0.0112432982242672
0.0184855962928431 0.0133836013914975
0.018087225907247 0.0126033759300467
0.0142203436016563 0.01030471859458
0.0146560333802856 0.00815635543212178
0.0146696206642096 0.0125671080213912
0.0199312173221472 0.0167883576676884
0.0159221193769595 0.0125435273588006
0.0276196193375627 0.0155758854217867
0.0235265770097374 0.0194926698803976
0.0242807478762381 0.0298615756376509
0.0187348247064734 0.0120261396911987
0.0181773231348454 0.0139281178182985
0.0140847524419856 0.0118173439483611
0.00935704906593072 0.00949939747329193
0.0243416340692781 0.0167026394469845
0.0139741176199106 0.0162920375091288
0.0202219785230999 0.0154500176587403
0.00788352328361145 0.00869933658254056
0.0173307791469567 0.0107560632685067
0.013537042794826 0.0150830299624823
0.0145860823899361 0.0188004386159817
0.0168029033003669 0.0129836507672493
0.0149397870077233 0.0124064539315283
0.0150965248655697 0.0136729463547687
0.0124521761865359 0.00982905304366871
0.0125754870795155 0.0102959502317642
0.0211696993275 0.021212142896465
0.021065879142239 0.0194261245952564
0.0154825702302718 0.0166135815386928
0.0217932491135884 0.0187932324083187
0.00786436926778522 0.00671624800502221
0.0150979346759112 0.0160467675130841
0.0145472520458322 0.0116099171397143
0.0143462121198093 0.0141159929712872
0.0107528157422044 0.0083713821399794
0.0186596950348464 0.0175746888321991
0.0130364925721841 0.0127420361050611
0.0229747048884502 0.0217657892587274
0.0145445654217283 0.0128907208325868
0.0113931390104314 0.00726992999952598
0.0202693082395835 0.0131064362596885
0.0203879853207713 0.0170719051924485
0.0177892320832122 0.0171171312534509
0.0273453922858408 0.0214693491076815
0.0180256856589909 0.0249618180944543
0.027048564686131 0.0185328894704911
0.0234282600757979 0.0134631473018944
0.0323551110686458 0.0191781350854102
0.0133729262852586 0.00773909286946492
0.0155390514176241 0.00937492773249092
0.0263568680528915 0.0133975493573836
0.0238618113992119 0.0179282710981885
0.0183599506809272 0.0175664067253117
0.0197571532695146 0.0201950911035033
0.0242474711842223 0.011871697911284
0.0125902207507612 0.0157117570249032
0.0184485133335095 0.0200139047252365
0.0190930907037956 0.0220429186679968
0.0129305494744637 0.0140575668865526
0.0227897330462639 0.0226989380289431
0.0191231007690954 0.016067061507548
0.0289719683318425 0.0220880968322364
0.0092541306643846 0.0120483081743676
0.0106753147798735 0.00880854136537281
0.0099854944623467 0.0091391768658768
0.0192049285352757 0.0163747129349188
0.0169951138716881 0.0141828640058457
0.0141065400914166 0.0120021148510687
0.0167136158520952 0.0143162551043942
0.0148300403380253 0.0124242901098723
0.0171255158936755 0.0146602045576385
0.0179127905193089 0.0154641277996527
0.0112271288106087 0.00924509571959096
0.0143197685843708 0.0142391020311528
0.0253734535153259 0.0173436519406426
0.00967976039743739 0.0108029243512287
0.0132412121680426 0.00904542178980129
0.0131588094166426 0.011664607945846
0.0166579085563499 0.00887773065105262
0.00870021599220603 0.00978700751606001
0.017784996353099 0.0155393964280272
0.0158373341931629 0.0151569313686319
0.0151462738354643 0.0234634137280867
0.020222872227877 0.0136432777849631
0.015313821948778 0.0212743271238403
0.0132400770612092 0.0106075645047484
0.0217699170946739 0.0153718712516726
0.0151365913608648 0.0160975374282156
0.00857288755198584 0.00681383271827126
0.0127691364763342 0.0121940347491268
0.0144421525916004 0.0117910705436845
0.0169704799545741 0.0164174236553004
0.030350239714465 0.0181664934278233
0.018813604735058 0.00825184198953744
0.0175965586467365 0.0158743989815953
0.018692359103205 0.0238866047133577
0.0253134566881636 0.0170183857273862
0.0202321630314798 0.0142333562835174
0.0169807092359116 0.0213595308544096
0.0192073312514342 0.015305839242787
0.0128938414708449 0.013994323255769
0.0190751960049138 0.0189361186904595
0.0201785924207151 0.0194330736000688
0.0198793832181221 0.0154348896760529
0.0169805631905629 0.0166090361719258
0.0149219669760381 0.0120637784843275
0.0160259517365887 0.0129365496250504
0.0171963569360269 0.0207370227857016
0.0128715344300954 0.0132052256017522
0.0182080919063261 0.0289149735417288
0.0228366129995054 0.0225672807273302
0.0206930951165622 0.0155919453520318
0.0337118939860316 0.0161718201835062
0.0159181705379391 0.0139674684969324
0.0215088868764352 0.0257232784263104
0.0136968877299617 0.0131290058271335
0.0116415016755795 0.0121414570980468
0.0136017832507902 0.0124505741149412
0.0173165088187178 0.0246432842790491
0.0239638747280062 0.0135056491727033
0.0260643407297273 0.017604269823185
0.0130233481004279 0.01231321096776
0.0171990567249238 0.0150839570077702
0.0151637479075624 0.0123706187803815
0.0194804306087831 0.01578868774305
0.0176653985912847 0.0148478924771303
0.0138332352779025 0.0124768301325828
0.0135888645462796 0.015615250204059
0.0295524446855294 0.0168877702948511
0.0206955615545546 0.0157147423675416
0.0227314340507092 0.0183742760952185
0.0211367897950882 0.0115656349808521
0.0192791787395823 0.013858679224585
0.0161760001851835 0.012520746591385
0.0287377641368822 0.0242114983673215
0.0304886587629699 0.0165138389671639
0.0142245470693927 0.0103686680329417
0.029921271914823 0.0177868856985226
0.0136224598267939 0.0127622254625635
0.0128017977285107 0.0171011522604214
0.0108600911140289 0.0105229981482872
0.0202602163061951 0.0134405092443217
0.010523583777352 0.00967569126138298
0.0126976317566189 0.0178686794692912
0.0221435237374198 0.0202101068660126
0.0242965888431307 0.0232174933015778
0.0109326465337571 0.0116863501900845
0.0162849818946086 0.0167946023974346
0.0183966298869193 0.0135966561266534
0.0137787036777557 0.0157706712840138
0.0155790228843441 0.0135291481909102
0.0154122450888886 0.00922053296853371
0.0363636439997971 0.022577566467394
0.0169395425195623 0.0181611748144599
0.0212287059594728 0.0168753252928917
0.0223069041884032 0.0158910893955939
0.0185889561001776 0.0168053460470484
0.0187182045011673 0.0137702350805899
0.0197633745027793 0.0198418678488538
0.0240849589133597 0.0210436069410197
0.011652262764488 0.0126129725689302
0.0168174703602643 0.0124372455778685
0.0129656656326896 0.011674925901761
0.0107694329170144 0.00985800810631016
0.0278783889620044 0.0250944723430281
0.0120575400299056 0.013124533124748
0.0180016634854591 0.0118962164750902
0.0208274021964984 0.0290531338283541
0.0173168723597413 0.0177400683964735
0.0142835604431837 0.00863081692797613
0.00897533988684874 0.00783130561266008
0.0203037070692625 0.0129639762532176
0.0196219457428919 0.0144823355649815
0.0109141357093445 0.00856500567812957
0.0125987867233034 0.0122071791500716
0.0139725671600404 0.019741554325292
0.0116595440938203 0.0190463281085005
0.0151107185429796 0.0119227118994717
0.0177083468690592 0.0111616404318239
0.0177026278172979 0.0173941473371357
0.0238423165797132 0.0136247844645871
0.0176711666190923 0.0214708556649576
0.0162975628906598 0.0126747607985235
0.0291048137174882 0.0205095067757333
0.0214917494069124 0.0235947118529559
0.013421879935111 0.0117652961788993
0.0179010290916535 0.0228714120365958
0.0147831735166506 0.014604659368517
0.0192820985047742 0.0105650811824758
0.0126815404967165 0.0129973923857751
0.0133105193147201 0.0127039028452636
0.018435486837128 0.0192749394820799
0.0141342283777382 0.0123137743363493
0.0170686323787657 0.0219602324375955
0.0204010772034245 0.0168334299641037
0.0229065683654411 0.0196446666973771
0.0126632046148064 0.0111937849503035
0.0193018913917679 0.0129451629297825
0.0181621226094245 0.0176807253795766
0.0110978120293913 0.0139831714467171
0.0223828888042207 0.0224923909092831
0.0159812002259328 0.0254517843178991
0.0167931767186755 0.0131490327519147
0.0170892331226623 0.0106782402947662
0.0200205766843459 0.0130194974098747
0.0258352628843766 0.0264828898748376
0.0141083931097866 0.00919284804696933
0.0157041859402095 0.0157986308634574
0.0130719490699657 0.0149296407628611
0.012829600684605 0.00943372314368179
0.0153723324182627 0.0127662070475613
0.0167836482033981 0.0129649708016421
0.0138986272316932 0.00712279373278764
0.0159930648965413 0.00869579943181437
0.0111281083622279 0.0101557590441332
0.011724114986776 0.0075396644168501
0.0214668204535531 0.0193279825766755
0.0149440062548398 0.0139647813472067
0.0222790546176576 0.0151098133810331
0.0183806213731283 0.0113571863789876
0.0107436028560994 0.0083971358588336
0.0215220528369013 0.0200465178041027
0.0191012596909117 0.0145140428239737
0.015140403243273 0.0141883032257851
0.0169856707251851 0.0178349603023631
0.0128503078436366 0.013672501176524
